1630
834
555
2510
1598
3918
4027
59
4391
4378
3510
2542
1164
1421
3526
4466
3389
120
2403
2657
2172
3401
1899
4502
662
2723
2476
1560
1647
284
4090
1575
3295
865
1244
1691
368
2733
4062
3377
4450
552
3804
1412
4150
2012
1688
3474
508
4134
1651
1784
1158
1008
4026
2635
2435
4213
3392
31
2796
3544
2734
1658
644
446
3430
1726
1749
4443
1892
514
1961
3164
1871
3458
273
1355
4345
3621
766
2421
162
2868
745
731
1427
544
661
4281
2064
3650
795
527
3052
1036
723
2200
999
2310
332
1142
1575
1033
1661
1123
3697
3423
1737
2298
3591
1470
2443
589
1122
2691
3756
3468
2756
4008
4297
2480
2158
365
4290
3990
2919
3809
3939
1676
2586
178
1291
117
3076
647
4241
407
2604
4328
187
17
1450
1039
3854
2304
1905
2639
1233
1978
280
3276
772
2055
1942
327
55
4305
3068
3604
734
1282
903
3390
4187
3461
1698
4135
4432
987
4242
3786
1666
1468
1672
4218
2838
3443
2390
3218
4278
3998
3774
3319
2092
3257
4027
2425
4337
770
1711
3939
1023
2751
1970
1547
1479
2365
2188
4166
3773
2006
2987
4052
3923
755
2648
2310
1904
952
852
4219
176
2249
3208
967
1673
2306
3623
2646
2303
2414
3847
3549
1476
737
1224
428
760
4204
2341
1947
1909
3564
144
609
1985
837
513
360
938
2823
26
1482
63
4333
383
3864
108
524
538
3565
1643
2796
61
934
3659
138
1453
3500
2911
1963
332
1884
2585
599
694
3515
3893
202
2408
1914
93
3046
734
2893
1824
477
1006
816
421
1038
3259
2352
1403
1151
696
30
1660
2914
204
3608
4003
3583
3178
2837
2682
496
2111
1122
2363
3270
189
3955
3795
2885
1166
285
3860
216
3370
1097
4454
2091
2521
2526
2641
2056
3350
3448
2489
548
932
2916
2836
3650
164
4079
465
1138
2410
1772
1827
284
4043
2013
3286
1652
1812
1248
1890
2390
1737
2534
1334
527
256
4227
2124
2672
2182
2326
2401
3806
2677
2333
576
1434
697
3340
453
1742
267
4296
1399
2583
367
924
979
2169
2479
3302
455
2448
4406
1422
2290
922
3505
141
725
3709
2881
3477
517
1299
4423
1115
1518
1970
946
503
1316
1250
805
1279
1567
2144
1207
4114
4303
3791
447
836
2946
870
3183
3568
4260
3249
1375
4200
3897
3445
2584
3414
12
541
1562
2106
1415
185
1349
2428
3003
2380
4415
1552
2984
76
4401
4016
2584
1093
3305
2227
2759
3689
2756
291
4356
704
1900
40
688
1921
2582
4198
1388
2330
1556
43
4068
2325
2644
1783
1430
3243
1234
4074
1860
68
67
736
3841
1758
2243
2880
2705
1529
1464
4334
1900
1280
2218
3609
2645
1732
4069
3283
1404
3388
47
2624
2876
3299
3031
2216
2379
3651
2923
73
53
2976
823
3778
371
397
712
80
3913
4029
331
998
1593
728
569
318
2478
922
496
2587
2174
120
3315
2981
4201
1331
982
3960
369
3514
3230
3445
2720
2534
803
3238
3272
3218
3539
4462
371
3066
4175
4398
4244
1869
373
870
1668
559
2710
595
3316
2559
2118
3012
2140
160
3707
4146
3855
2369
2992
903
3545
281
3615
913
1257
4107
2637
2875
1732
391
1262
1819
3155
3381
1889
3278
3034
4406
1922
3690
4262
4220
932
1682
4152
3353
580
2753
2799
36
81
2719
2737
3536
1702
1841
1955
2520
26
3751
2999
239
2838
3185
4242
3282
4030
1223
4435
1637
1623
2435
3195
2822
3097
2526
3567
685
987
654
647
2929
3104
4177
3554
1893
2045
2461
2024
4422
330
2240
540
3061
2438
1243
2071
3547
2803
2581
2641
414
905
3245
1620
4053
1625
4210
2955
868
972
3312
2245
4366
1008
2405
919
3630
3256
2499
3593
1756
4406
706
206
391
4122
684
2242
2286
4430
3877
2857
3816
1502
2413
1034
3862
2778
1259
2452
2122
742
3000
2870
2186
1641
782
2811
897
938
4426
195
2764
4105
3251
3963
2487
2122
3195
4209
619
3439
2031
2249
471
2420
1953
722
3526
1050
3996
2794
31
698
2840
1009
3922
3620
901
3050
3863
3214
482
4512
157
763
2305
2178
3813
2299
2675
3314
1638
2568
2715
1730
1521
195
3975
1206
3247
485
848
420
1063
3117
1286
3213
1469
982
193
436
3651
2169
1520
396
3699
2224
2532
3206
3896
4049
4185
2993
1460
2163
2719
788
1862
3863
1661
4299
1394
963
3150
1805
1042
1403
339
2968
1121
2527
4241
917
4216
685
3685
11
1589
2906
646
812
2193
1419
3352
992
4011
4251
564
2487
1288
1319
3025
737
3920
3691
663
2746
927
2110
1331
1376
501
2559
4052
2819
1110
4233
1434
2626
4348
1162
2528
1494
3129
3439
3052
3833
773
4200
3733
1522
4162
3667
1548
4135
3266
4273
4125
428
1110
2894
1840
1844
2778
2485
4198
1277
2053
230
1689
4290
3947
4217
782
3206
4181
1328
4114
1724
1397
1583
860
514
2127
279
2195
190
3597
463
3028
2104
1367
3230
2773
1386
371
1909
2352
2849
3437
1827
2943
4096
1867
2578
3162
2341
3176
134
1669
3370
2145
3127
2862
328
3164
883
3355
985
1969
1055
1384
3247
1943
2713
3023
1128
474
4403
1598
564
4124
2400
2636
2550
2131
4355
3339
1842
2196
1761
709
4101
679
4196
3832
549
3004
1925
2509
973
2261
4254
369
3012
1237
468
4294
4394
1976
1818
1273
4357
2284
3510
1127
1062
942
2892
2549
2354
3577
2699
1136
342
2933
3048
1823
1094
2882
3793
3043
1894
3121
4298
185
2739
3672
235
3490
2351
644
402
2498
293
2414
3307
2286
2566
52
4307
706
3556
2512
1921
2022
690
3993
2655
2689
434
1293
2043
4089
2663
603
3744
3046
1062
1556
3000
4328