3612
691
1227
782
2256
2518
3998
1776
3631
520
4050
360
3849
2901
2972
269
2278
2277
102
3676
1190
2835
1391
2797
793
3477
1266
3176
640
3863
4487
3163
3822
4484
855
1348
3651
1716
4341
3638
4128
3096
1354
2315
588
2895
1003
755
146
2434
668
2472
785
105
1465
606
1455
377
718
669
232
1937
2156
3331
1003
2238
3955
4373
1919
810
2444
1604
2533
30
631
318
1545
3945
2824
2879
2933
2984
513
3947
1617
100
1380
400
2133
1645
1152
196
551
2654
3215
4450
1298
2177
2887
694
3988
3330
4458
2342
919
1907
1127
533
2665
2028
3970
1576
2486
4322
541
3162
2494
3565
2093
4309
493
1054
2033
2817
3712
4364
1139
2016
2358
3234
369
363
3444
2331
866
3507
1980
2299
4344
2973
2200
951
1384
2077
1025
3648
2092
4420
472
2407
4471
1192
1396
1941
3213
2652
4390
3728
883
2227
1963
3004
1222
3939
1733
2045
186
3593
2113
4078
3805
197
1846
2637
2540
2925
2241
3482
3772
2163
3574
1925
2869
4190
1500
3404
4300
4223
565
137
1434
1049
3256
2302
718
2031
3355
4500
499
3887
3712
1657
3068
4269
4488
3071
4037
2725
3538
3227
3932
3683
3953
3465
2438
3503
2123
1186
636
243
872
1264
2110
567
3020
1812
1185
3105
3161
1787
2812
2499
1474
525
3228
2497
4026
2939
2980
3502
2951
904
4268
3242
1910
1778
1401
1681
627
3256
3010
268
1436
2616
930
3872
3692
4393
2614
3635
1892
1112
2937
3091
1469
1747
594
218
3472
1303
444
1634
2690
541
1001
2524
3925
1590
1583
314
1020
1312
4251
1699
3
4385
3174
2028
3899
416
3443
86
251
1237
2584
2135
662
1156
3570
1410
2513
3982
1551
2508
240
2603
4305
573
3727
3657
1984
1412
3082
2184
1198
2611
2162
2307
3935
2871
3692
3981
2467
2022
3148
1702
3504
4419
3732
3238
946
3995
4304
1407
3112
146
3201
75
98
2947
667
984
2532
878
1660
1595
4245
2147
1568
2253
3454
2145
1869
4348
1882
1132
2469
4142
2758
3518
326
4500
3653
802
776
1866
480
3172
47
2806
3375
352
1132
3313
4436
1187
665
4264
2801
2036
1992
4305
979
1001
3460
4411
2413
164
1657
1161
2687
4092
2224
574
1742
4256
4287
2575
64
3134
4351
4202
4177
2662
3012
3956
2637
2602
1062
4446
4215
209
4319
1520
3314
2002
1229
1523
4096
2299
748
2509
3917
91
249
3494
3879
4391
3546
2582
1315
2727
678
3308
581
1726
3897
2021
1985
30
3561
3778
1500
3623
3734
2438
2858
1750
3511
1093
3671
1649
608
3619
4025
3831
3692
1329
1111
321
2051
3223
2454
4460
117
892
1181
3133
1363
3155
2903
3622
3394
3120
957
1530
1590
462
1978
2722
4403
4202
2142
2023
3791
476
1852
3863
4007
322
4099
1200
3393
678
2807
456
1992
1180
1566
321
3433
3338
1748
1723
4308
53
1201
3163
330
3143
2348
3632
301
853
4428
644
2953
1108
2944
822
2927
353
100
1183
2224
2259
1752
4064
1924
1157
2618
4075
4000
929
1339
1814
2035
1069
438
4228
4051
3822
4458
4483
3041
533
2063
131
2051
2023
3526
3730
1030
3165
1504
731
3472
3135
3313
1230
1019
3605
2823
820
63
806
12
249
548
3246
357
4245
2126
4134
3734
3715
4445
601
2233
3519
2502
1960
2723
290
987
3650
555
1915
2004
361
3801
2456
2618
4146
744
2460
1059
1547
4410
2847
2315
4176
2109
2425
3674
1472
1349
999
764
1027
3691
1374
4034
3199
2352
656
2910
342
2063
333
4101
3512
3196
952
1146
2020
3149
2410
3155
1830
2717
1412
4207
3979
3412
3710
840
192
2605
1159
172
2166
928
725
2149
434
3329
950
818
2521
2996
764
343
1242
4088
4248
3729
2946
2621
571
834
3436
2309
1108
3577
3937
1311
3345
1003
1335
2878
1146
4263
3669
3044
873
275
2439
3196
2162
2851
2277
322
2297
2905
1302
2709
3652
3215
517
1514
2311
4142
1826
732
3761
948
1726
592
4222
1356
2525
1821
742
4240
4
4004
1978
450
590
3827
3056
2872
1962
4506
2686
2614
3883
3707
3602
2054
3929
864
492
2798
448
3007
1322
3836
1344
714
3714
775
3525
615
837
839
4226
3772
1215
4169
1834
2177
3249
2939
2077
4409
3822
3993
3204
4391
2419
1143
3550
3995
3835
3789
3573
3906
2124
46
1570
1962
4237
3779
3867
347
2832
2781
553
3438
3620
808
3997
251
2895
733
3855
1125
267
2661
3805
2724
1324
3360
906
3175
3123
2262
1217
3006
3998
4445
3630
3681
2341
3018
1626
1524
128
3748
2043
1476
2423
2379
3881
2631
3501
721
3933
2269
549
25
1789
1912
1010
147
3644
3566
1829
3292
403
2778
182
2877
1912
3652
1537
3576
2356
185
2398
1176
903
183
1196
2570
1965
1577
837
3855
3714
3821
4389
1031
3379
2575
3877
4437
3520
3094
2663
4081
3304
3305
4438
1190
2938
3104
3646
3195
2040
3240
2217
2619
1310
4191
966
191
3714
3948
1569
2906
1781
236
3656
3991
3898
555
3824
3324
750
583
4292
4418
76
2627
437
3063
258
3828
1282
759
2806
4243
1585
1590
3624
2045
2023
1169
3940
473
347
1544
998
199
2544
590
4062
3949
4306
2291
2348
485
3710
188
3512
2761
793
2519
199
1891
3108
1383
2659
986
3425
4275
3298
3142
2332
3567
3935
3976
3224
2902
3185
2825
2701
4146
266
1534
1348
2749
3519
670
4262
607
3447
3268
3224
178
3539
570
1456
27
4416
662
4201
3112
4480
3482
1602
1831
2611
2827
2477
3782
390
2113
3061
2144
3138
145
3857
3315
1824
3940
2188
1387
3676
488
2115
2555
1877
1805
4361
2416
3177
3547
1239
1237
3103
2271
1958
1205
2329
1423
2289
3565
3478
1573
800
321
2961
4399
816
2219
3441
3554
1430
4236
1218
1456
1199
4404
2251
3314
923
1866
2041
1383
1167
1897
2742
1570
709
1628
2302
3027
353
681
4018
2859
2468
63
4043
2082
1942
837
3422
1531
2438
1321
2894
2784
243
3842
3164
1344
122
2466
1839
4013
2371
3505
4487
2558
2323
848
2169
2778
2250
3775
601
49
78
4062
1448
391
2615
3838
3252
948
1152
1552
2332
2326
957
512
3378
3610
2959
2689
1026
3856
1175
352
2457
2921
4408
3184
2167
4440
792
3315
3687
2184
2585
499
4063
10
4194
2377
2412
3903
2672
3742
3321
2922
459
3926
2808
2664
2846
2744
1235
278
3683
2534
3059
4418
2915
2297
4453
2108
1705
3099
888
2687
675
2603
25
1973
3814
3628
114
1555
4418
2545
3601
3715
3961
2248
13
129
696
4019
392
2492
2574
2753
158
3485
2977
1254
1975
3736
709
3170
238
4161
498
3450
132
2080
3396
2671
2687
1466
3021
46
2395
1640
2416
15
4390
418
3052
601
529
1949
242
3023
1114
1064
3768
2078
131
1544
2419
1932
2262
3629
4284
4219
1013
21
1703
723
450
1824
2342
398
20
3083
1026
2748
4280
1060
3266
3589
3156
98
1420
1823
4218
4510
2565
949
3386
2328
4210
3933
296
1511
1127
2899
3668
577
1093
1891
4480
2961
26
1065
3156
501
3670
2683
4028
2242
4499
3229
1253
1114
2411
451
4382
3512
4469
2619
3021
123
3814
1638
23
2687
4114
2199
1506
2394
1837
2020
3138
1917
2298
3280
4117
4433
2984
1805
3391
3913
3157
4
4031
1241
4053
1482
4480
1387
1602
4313
2179
4255
3524
3552
3976
609
2679
517
1150
1449
2086
1266
1107
1699
3735
1033
1946
4292
3214
4366
692
4030
592
682
4054
1860
3216
3821
695
2298
3172
3356
1354
704
1976
172
1683
3227
1990
2111
3685
166
3492
4245
775
3586
4328
2832
2022
2634
3520
1487
1612
2438
2357
1928
4265
1089
3502
3420
646
4128
3368
1425
3089
497
612
3413
1638
1280
176
1285
605
4104
4397
3224
2848
564
547
340
3252
822
484
2107
1999
1379
522
2180
928
75
4483
4157
1947
1519
126
870
4251
3334
2235
1259
1110
1005
2841
3863
2526
1680
3192
3132
3558
3536
150
1443
4464
3904
796
1759
3445
2590
2318
1090
3873
1371
1101
2724
3555
3607
1446
2184
2990
3028
1660
3966
2282
3725
2555
71
1228
3811
2805
2492
2051
853
1947
1148
2891
4015
3419
2218
2875
1031
1148
87
3614
3930
2286
1771
155
3159
1211
2590
2310
3126
87
978
2409
133
148
1839
632
3294
2764
2609
4385
346
3820
3345
2834
1083
975
623
1342
2327
2971
4083
2902
3739
977
1575
286
1084
1332
284
1212
2004
2531
345
3174
1873
26
4378
3700
3143
1419
4321
1525
158
2837
3011
2841
2055
339
2339
394
672
4093
1694
4179
117
4040
1881
381
441
3384
4333
521
1704
2813
1463
3106
1916
2079
3133
467
834
3829
1372
2733
1393
1010
1191
2105
3168
3675
3303
4096
3054
1732
850
2708
3130
24
352
635
1564
1368
484
811
4334
1333
588
157
3877
3777
2835
2413
818
3644
2021
2255
3808
3147
3020
3474
481
4170
621
4089
373
1193
2238
3413
1458
388
1192
3912
2843
2733
4009
1455
560
1363
2002
4461
2738
3380
552
1106
1032
2289
2072
1409
2645
2269
3323
4019
1538
976
4301
1953
2979
1563
1000
2704
3724
473
2293
2223
2639
792
657
801
4435
1954
3181
2488
2862
4293
1512
310
3142
2153
4228
144
145
2326
460
306
1984
1725
384
1055
475
631
3127
3061
4097
382
1599
499
2322
2528
1756
2014
3461
1012
3701
3702
977
2462
4418
4022
1323
904
2415
3299
113
1350
2267
3834
4011
3562
1101
4043
4042
931
2295
1634
3273
4382
74
810
1407
3271
985
1943
198
4030
1712
2461
1931
2018
1450
1108
3803
503
3401
858
3615
2873
1477
3353
4283
2443
1223
2433
3986
3349
3038
2572
3466
3361
1286
1270
2850
3195
89
3746
759
2293
581
4332
3934
419
2008
803
1293
3781
4341
3599
1284
1341
2000
645
1073
3557
3355
3489
750
1870
4362
3360
10
3608
3074
603
1399
2348
4088
3498
4428
1958
3103
3808
3010
1838
3326
1532
4361
3104
3088
3005
2920
308
1132
2233
2533
1233
3667
3990
900
2052
2579
370
1208
2491
3911
3831
203
1320
4036
551
3449
0
2326
3844
3106
36
2913
1543
555
1820
606
127
407
117
6
3169
4447
668
1372
1282
662
4466
4307
58
4106
1419
1352
1971
1415
3057
1613
4495
2040
1988
624
359
201
3058
3075
1629
3084
664
4502
3930
4103
267
1628
3606
763
92
277
955
2250
2828
4433
4171
3053
1857
660
2588
2455
2228
3195
2561
354
291
2779
4029
3715
279
3010
4467
1154
3377
2048
3638
3492
2916
983
3893
4289
1195
2434
3031
4189
1347
1380
606
3894
2467
1952
2713
2445
2856
1493
489
2190
3154
1155
4445
273
2927
1070
1514
1871
852
2145
989
1311
3948
3410
800
718
2593
2914
2854
1815
1553
4454
603
3144
1908
2039
3573
727
909
3528
1239
1218
1608
2684
3209
4504
4347
2683
1728
924
1622
1560
2926
3591
3259
3416
2955
3233
3474
3804
2150
2470
3823
1639
217
4444
2754
1921
3850
1035
4192
969
2908
4509
802
2731
2958
2457
176
2267
2646
4136
179
2030
1860
1793
2602
783
2206
4263
3852
2195
3132
1131
988
852
1691
4515
2993
1844
3114
3237
3634
371
2302
2940
2736
787
2030
139
602
2450
3280
414
681
1359
2266
1280
51
4247
364
710
1418
1917
3737
2385
205
2
4310
2836
2208
2013
1859
724
4478
290
4161
1503
3687
3717
3833
843
3067
2777
57
3642
1096
3741
3209
1184
3671
138
905
2216
3107
3795
3033
2846
744
3376
915
3415
4373
4432
2673
1535
4359
1180
4384
1017
1809
3021
209
1694
2266
3099
1981
766
1082
4081
77
2542
1113
3530
1804
4394
1604
1556
3238
1825
30
3000
2658
4128
3694
2310
3500
886
4141
2854
1515
3564
1337
2954
1149
356
1279
3580
1704
469
1959
573
1007
3984
2672
2011
3064
3880
2727
1470
3826
4087
819
1809
1611
747
3227
2253
1067
31
1823
3072
311
988
4366
42
2330
2886
1225
1310
1992
1598
3284
3886
3759
3085
4104
56
1811
951
4203
2436
1283
1140
1420
1787
2306
1149
2980
2361
4489
3655
1115
1788
2886
678
3752
4422
3529
1060
1090
1614
2620
3413
565
2277
839
3360
292
1223
2082
3275
2700
4320
3559
3376
604
2275
159
4473
2707
3120
270
310
3079
2002
974
2755
4277
3535
1029
561
3206
3360
1967
3402
2175
159
3839
4307
58
534
3137
3659
1992
3862
437
1016
3657
3931
1715
4029
1315
1324
4333
2757
3411
2696
983
997
4249
3813
3766
572
1777
3487
4264
745
2204
3557
1095
1626
1400
582
2466
4146
4167
760
2850
3035
2419
258
812
365
1912
3224
2157
3536
4421
1953
434
2977
840
1149
873
1616
4181
2658
840
910
4158
2171
2367
2130
4041
1649
4451
549
1969
353
1948
361
1679
1907
1079
1912
4438
2630
3072
4004
1009
1192
1710
1596
1077
2241
2694
976
3674
3008
2234
3297
586
2294
3282
3611
494
1988
3021
4281
3912
3879
1635
2545
1480
3343
3410
4144
3933
839
736
3813
3956
1508
4322
2002
2310
1847
1546
2795
2948
2493
3621
3574
3564
2098
625
2973
4429
3767
1618
2024
1759
4384
2499
3220
3166
364
3594
1525
3506
561
2562
563
1031
1127
2829
4432
947
1861
1425
2190
2661
3938
1098
1659
3976
4207
4253
967
3316
2048
2638
2431
2415
1842
444
948
2994
4237
130
581
1306
981
1503
4146
620
3039
3978
1741
2307
4399
3640
2135
133
2610
61
1802
4262
2285
398
3541
2611
2032
2527
2569
2188
1322
3
3102
433
2706
3166
2454
1229
2992
3217
2489
4147
1164
4274
669
4485
1485
2612
4359
2736
2044
2105
222
2561
391
2003
1706
3262
1260
1570
715
2861
3246
1669
3770
3087
3513
3880
155
2149
1990
110
764
2225
3801
337
3551
1430
2046
889
1364
1729
3874
2095
1008
593
1827
726
2275
2954
72
1242
1233
1774
3817
3911
3459
1082
2188
3768
4067
1842
4413
764
2954
3590
3969
382
199
716
1251
2688
1225
1468
3322
4456
1500
3627
3627
1455
948
2994
4157
2700
2500
1113
1094
1797
2818
1377
706
4365
765
2045
191
1718
3598
1869
598
669
1598
1751
726
4042
3787
21
3890
4420
1407
3500
1228
3695
1748
2776
1101
1873
4040
256
2210
320
2005
4412
143
2628
3392
1072
4149
1074
3258
2250
2780
3767
2402
2247
2759
2170
604
2562
1542
2054
4010
3446
3309
2176
1410
4410
1364
3774
1237
2803
57
1719
1186
4508
3503
1002
3694
1138
3597
4185
2525
4073
3486
1776
3335
1300
1128
1445
3121
4242
1665
3852
417
3376
2546
2147
2031
399
3531
1769
3774
2132
847
2976
2163
429
1600
541
2047
3233
1984
3353
1665
2639
4160
1383
3066
3590
172
2417
4188
1319
985
2859
151
4368
1759
4163
2245
3136
1381
3190
953
4262
3058
3485
2093
2554
751
4193
2448
3144
405
3862
1407
1185
4266
300
265
2121
3357
1004
3982
3419
2269
601
4103
720
490
3555
3089
3197
1124
1827
477
2101
132
290
1899
501
1868
3140
4111
2154
2821
1413
327
1387
1009
1009
1309
2772
2963
2377
903
1719
3025
3035
1212
271
802
78
1441
1096
3606
1273
560
570
2369
2531
2245
4198
3292
429
3241
800
4346
1380
2416
4039
3754
3036
1986
244
2555
4329
1680
1549
3417
4056
2453
628
644
4169
2666
4008
1208
3245
3840
2159
1193
1821
649
206
233
4088
451
2795
3258
3024
3164
1811
4355
867
1985
354
4409
4379
958
1878
1751
1785
3608
2700
1907
3642
2748
1008
2993
1543
787
2655
2356
2513
3279
4097
3417
3291
275
2000
577
2926
3910
276
2878
1082
2424
2771
2601
3486
2708
3051
127
2419
3428
2759
1529
3852
3204
2747
2219
4274
3966
1572
1500
3380
1719
947
104
4425
2765
2173
778
4066
184
3887
2801
4459
4517
2957
4337
1846
2078
2097
2189
2618
319
3705
1810
1176
4513
868
3754
2948
2054
134
1539
3018
597
4499
2125
471
741
1678
70
3430
2838
3090
2822
2754
320
4292
2695
350
17
2731
2949
136
3715
350
3780
2828
686
897
2883
1485
891
404
4047
1866
1123
4437
111
288
774
1936
2927
3355
1527
3259
3363
3757
783
4192
221
3164
950
3874
2361
1065
1379
1984
1693
2604
2084
2007
1422
1132
2357
1010
1772
834
3858
687
232
255
96
3429
3588
1395
1660
503
642
3211
1632
3974
2015
3358
2540
2879
1933
1089
168
1832
1252
2956
597
519
2354
85
2471
3050
3933
1056
3550
2675
3289
2255
796
2855
329
3923
3704
3817
4477
3078
119
1754
893
1314
143
4393
2470
4027
110
1888
2808
2037
3772
3578
1073
3273
4185
3563
3867
262
3207
2600
3026
1141
2553
432
1826
176
1709
4110
2973
3811
3853
52
4384
1654
1432
3238
2946
826
1261
2711
3760
4478
2246
3264
362
1629
4175
3687
2066
3834
2157
4078
3653
456
1016
3833
2999
721
1039
3138
669
2270
77
953
4071
2264
1469
57
515
3927
2649
3394
2096
1647
1611
1571
3903
2225
3369
4398
3212
829
3329
2194
2330
2161
874
1587
2679
202
1073
2878
3567
4341
2933
2406
323
2527
4113
15
681
1393
2352
2666
1056
2772
1161
342
1868
763
528
3364
782
4424
3581
848
4430
2011
2935
917
4314
4498
1633
547
774
2507
2387
166
1026
3641
3866
3583
1481
2580
3222
1117
1370
3897
881
1383
2852
399
514
1981
3474
3075
3240
4102
3765
4148
1377
3404
4254
253
1512
2848
1515
4289
200
4441
3363
1036
505
2976
1404
3564
1657
39
3659
3185
541
3179
3646
64
1081
4494
3987
3221
3210
4148
108
653
207
4393
3759
2383
2639
644
954
3037
1797
3405
3849
516
1273
2325
3912
3428
112
1399
2936
3774
4427
3268
826
1988
3409
167
3182
787
3212
2038
4286
1964
3733
2571
4059
3252
1823
3541
1388
4111
246
187
455
3889
1602
2810
494
3595
2648
4409
2307
4221
88
1740
3468
2271
1158
827
3734
3544
1150
2429
3710
605
3642
1629
2546
4364
1707
3272
2926
2455
2038
1250
382
247
3124
2492
54
3769
2580
3243
691
3618
1499
1349
1797
677
2300
2693
383
352
2655
413
1371
3861
3370
4014
3658
3968
243
1489
4341
1991
4281
1391
1841
3586
1180
1786
664
3532
2892
3955
4265
3333
2935
4229
242
2508
2349
3579
2971
3864
106
1124
1721
4290
2925
1294
3761
3876
3910
2534
534
4497
140
1504
4088
1139
573
1036
3125
545
1620
1843
2872
833
1799
709
1905
3523
3938
3146
1831
3946
2519
4306
2197
1098
2914
1817
4298
3858
1366
2809
3727
4142
3497
360
507
2296
808
3724
3064
3445
972
635
1819
2718
4481
4454
3195
3123
1345
4283
2121
3598
3263
3579
3964
37
663
727
3456
1674
1532
3883
2500
1224
2401
1076
4467
2761
549
2745
2240
661
4008
1153
545
2725
1716
2846
3158
573
2335
2059
520
1763
3172
390
1181
869
1028
843
2526
3292
464
4129
3328
3484
4072
622
3974
4087
3203
3962
2897
2697
3415
156
4069
1543
3835
3439
371
1398
1383
923
3738
4379
3123
1021
3048
4045
1218
3025
4358
2581
3607
527
918
1423
4178
3080
3357
2696
1030
1173
3248
4169
3056
3865
3922
640
292
156
13
2310
3772
1398
2951
410
2282
1154
2725
438
3858
2181
3893
2826
3975
645
3928
3515
2448
2370
2785
2634
1072
1932
3129
1217
4483
1943
897
1738
1700
3919
3978
4380
1083
1462
3612
2286
1991
3217
1639
2878
4076
2499
2445
3203
2144
4094
3040
228
1336
2283
1520
2331
2485
252
1744
1019
3620
1369
1805
2891
1620
2072
2121
230
2070
3578
2150
1580
1744
3221
3272
1982
307
2155
492
4473
253
3211
3460
1497
1294
1476
2302
574
2120
169
1060
770
2141
2672
3797
228
2771
307
801
3027
1373
255
4473
2678
817
1315
3557
4470
1721
1762
652
2238
1657
2945
4294
3000
1689
2197
3300
3611
1238
4264
1293
3979
1895
4419
2422
4376
3686
2432
2824
4285
3604
1426
411
3316
1031
4449
492
295
604
379
2743
3934
2663
1187
1663
3294
2865
2063
235
1738
4320
3324
2036
1710
459
4319
812
3767
56
310
2075
607
3369
4182
2566
3383
1595
3024
357
3226
123
1702
4491
1747
3486
1880
1986
3992
276
527
3201
1267
907
3289
11
176
1384
1448
1920
1415
772
1091
1896
3467
2571
4325
400
1287
4126
2937
2462
2147
2539
3289
3372
907
2249
2134
226
2038
2367
1955
354
3378
2842
3611
1500
4249
2969
4133
1880
3081
4402
1333
2934
406
1734
12
1356
491
720
4499
3111
3903
3058
492
4106
3907
3674
3066
4483
1184
4369
1749
4117
2173
1246
3860
4268
2096
1730
2794
2589
2063
3935
2931
1170
3242
1483
1050
768
3622
3833
562
686
424
2909
549
151
366
1784
3703
2930
2005
3915
728
3578
1960
1494
2422
3220
687
1508
2689
2809
1269
1685
3057
639
2480
645
3147
2631
3186
439
2915
1870
270
941
1644
1543
3240
4414
520
4231
2074
4224
2554
3904
4008
544
851
1705
3646
1123
3541
3963
259
2728
3312
152
4222
4520
3993
821
535
2265
1984
1876
2532
4436
227
566
262
88
1686
2223
1800
333
3245
3606
3479
1561
300
1349
3811
1221
2897
3501
1507
426
1927
3759
401
2629
2379
2119
3370
2206
1
1965
3512
360
3976
1849
1448
2883
1734
500
2345
2617
4425
47
1054
2551
3614
2060
4033
3223
615
2958
4217
3766
648
688
3432
1854
2966
655
1760
4208
99
975
16
88
686
3868
1842
3472
2590
1969
155
2682
578
613
2124
4206
464
3164
2955
358
4491
3577
3803
2543
3725
669
617
1925
4111
3192
4067
40
1048
1545
2809
3870
623
4170
4160
2691
4073
4045
702
3672
3603
3360
3549
795
3341
1146
4511
1473
835
3062
1534
1480
4453
2579
106
3693
374
1303
1663
1431
2174
3899
1482
2606
3152
1220
1875
1011
46
4028
1716
1974
673
1397
4154
3833
3307
2089
1440
1721
3044
2510
1747
1232
4499
376
1119
445
4246
3445
2601
1016
357
765
2776
3351
657
1891
4125
2717
2833
1081
142
1709
3663
1965
2790
3586
3725
3594
614
4111
1842
903
1151
3124
2710
3731
1480
1997
1189
349
3109
2218
1731
552
2222
1697
1687
2962
2969
3119
941
3870
235
3217
228
1433
2047
4045
880
436
4285
1500
2541
4296
1864
1453
3136
1017
1749
1141
754
3880
917
537
2858
1922
2129
498
967
867
562
4033
3815
3153
180
1724
964
2117
4054
253
1884
392
1509
402
152
4486
2975
4053
1573
286
1453
4
2917
1118
658
2126
166
1138
3566
2600
283
2583
1275
3256
1827
4286
2442
694
1793
3098
2892
1971
3033
508
1388
718
823
4027
2280
4249
372
3559
957
1357
1731
5
2329
2821
514
554
4002
177
3357
1473
437
3261
4248
2072
2648
3710
1738
1221
738
4233
936
671
4144
3726
3728
1678
3671
3686
1766
333
4472
1069
3653
3770
4435
4463
1237
132
593
1367
2829
3991
1326
2938
1496
1963
2196
2968
3736
2253
2539
4224
255
217
453
3110
2165
1596
3042
104
2328
2903
1589
4278
1804
60
3748
699
2978
3671
3649
3787
4515
3271
1647
4022
848
1696
3920
537
3024
1538
2766
1222
4490
200
3557
4253
3869
1043
2460
3386
2124
1443
4191
2024
1087
922
716
91
1033
3548
1487
824
3083
3568
3742
577
4511
1187
4356
3638
3777
1942
433
2177
3375
2266
1127
3965
2725
1840
2860
2992
1432
1586
3119
3245
3744
2549
1478
618
440
2765
3286
2619
4062
629
3332
1249
2386
4516
706
2956
715
1283
1681
1306
2093
4134
3195
2991
1342
335
2384
4345
3115
4371
2828
102
564
395
2931
1474
548
1953
1681
3931
1767
3875
1983
2922
2130
427
3452
1824
2520
3496
883
1496
1886
732
801
1566
3113
1116
383
3050
2558
879
2919
2242
3916
910
1526
2442
3322
1077
4314
2862
3571
946
2631
1673
1576
2749
366
1317
2137
3806
3574
678
4409
25
2620
621
877
201
2539
936
1339
4160
3401
4378
528
2750
3201
4388
172
2260
3212
2624
1054
231
1704
335
2969
1510
3036
49
2461
2150
774
1932
3643
3806
395
4116
2886
1008
4515
622
3954
930
2053
213
335
1732
2791
1852
603
182
4075
880
1050
2189
469
3624
1213
1089
4095
4134
2452
4175
3222
2117
1544
3179
3300
4425
1130
4326
3865
1208
2098
3840
1947
2006
573
1429
740
3887
3222
735
2434
2817
3580
3458
3940
842
365
727
3397
2117
2482
751
4397
4242
2226
2295
1113
491
4078
3944
4032
4146
774
907
2026
2507
713
2298
2858
1788
4041
120
1639
3698
3516
2076
2833
3950
4141
3283
3678
4322
1754
2876
3448
3833
2741
2539
841
3558
2744
1486
1381
2153
321
1008
2366
1307
460
979
3124
1229
1391
1232
324
4203
2417
3855
1862
885
3029
2534
2825
1956
1383
851
2122
3558
3080
1401
1193
3331
1169
4299
508
903
2172
3655
1536
674
3391
4284
3788
1292
1969
4067
3603
4278
3409
2738
3956
419
3221
3230
840
4201
4080
1437
2828
1864
3746
1522
4342
3098
2831
1861
3533
1158
2185
1535
4124
2524
3644
3633
435
1749
884
1763
3761
2653
2683
2988
127
1291
2418
1610
3409
4099
1409
2856
3309
819
4441
2787
1699
1711
2700
2095
541
113
3186
2280
2267
1993
867
343
4348
2428
3524
388
2752
2001
197
1817
1154
3164
2947
3205
4002
4338
2857
2564
1483
1524
3904
70
1498
3843
3031
1003
1826
2921
1517
1620
3526
228
2724
408
2704
3709
3346
3685
4188
1663
2473
264
2588
625
3387
1084
3265
3485
2745
1639
1418
660
865
191
3269
4233
3161
3147
3462
3686
1837
2891
1114
226
1416
1365
1285
3640
1482
3469
1937
553
3916
1651
616
918
377
443
2422
1426
2520
1248
2352
1719
652
3838
560
194
3999
2589
3734
3772
1412
1494
4029
3798
1058
2892
493
688
351
2801
1491
1187
912
2118
6
2120
595
3632
2327
1421
2527
251
2403
248
328
2178
2872
735
84
1116
2608
4103
2656
2139
503
626
974
457
4157
2158
2922
4127
1785
1282
2533
376
594
4100
2221
836
3640
4247
3959
2981
3418
1868
2084
1728
4481
635
4417
475
2335
3119
4201
1045
3954
3658
2733
2698
2331
2077
4062
3061
746
45
1685
4070
2964
2511
128
2575
3621
3465
2891
1015
3379
727
629
626
4114
865
2094
259
152
383
2137
921
615
4254
230
207
440
918
1106
1395
1970
1079
1640
1102
1715
2012
1254
996
3094
4430
3530
1301
3506
4307
3366
2198
3148
3014
3
1441
179
1321
1422
4473
2272
803
2536
3252
4343
3829
1028
3141
4453
2844
3006
4426
2451
3481
415
110
972
3740
946
1149
2935
575
1964
2525
430
315
799
2002
3859
483
1305
4519
664
1338
3641
3783
2007
1923
1621
2670
2484
3823
870
3020
3734
1407
2450
1954
3485
1457
1107
532
3551
3129
3828
1757
1775
1463
611
2728
1519
2100
4473
2356
4403
162
3044
1851
561
4423
931
1105
241
4292
1154
4423
2781
498
293
2923
2881
904
1346
1947
2409
2530
1417
2983
3481
1301
1444
569
1230
1095
212
139
159
804
356
1515
1189
4122
3303
1242
386
176
1940
1537
2281
1765
3907
266
2478
542
3616
2367
3349
144
1452
3192
4094
2366
2110
1223
24
1373
2942
3429
878
3953
75
3363
2279
2749
3948
3593
2832
646
3041
3850
261
3304
2528
4251
2149
548
1739
4404
2633
2426
1013
3455
3737
1408
3841
1197
1459
3612
1468
2261
186
1027
3920
2676
3697
1295
1770
3568
120
1632
3148
1984
3696
2212
382
1711
3022
1472
1441
1483
2827
2765
928
2142
61
4152
3483
2642
2652
3216
4300
3085
261
528
4306
2290
3158
508
4280
3348
1056
1156
2623
1183
2544
2144
3792
2109
4274
4035
820
309
690
639
2208
2843
3393
511
1375
2201
542
2965
205
3050
149
1276
1548
3984
2763
2531
1994
2281
1219
2232
2902
1674
3699
3928
386
3351
1051
1006
3600
3773
3320
3802
3620
807
3298
4218
1317
3584
3794
4187
1267
1598
3291
2935
4112
992
3104
90
2731
1972
4337
3337
2513
2776
2774
1820
2713
3945
1600
1862
1861
4038
220
4488
378
2159
4079
3174
2627
4154
629
3589
1178
4142
3572
4116
2872
3301
3022
2993
3752
3462
4099
3569
3254
3603
2222
3503
2588
2715
327
4323
592
3875
4313
1947
2060
3564
2633
1335
2374
719
113
247
2473
4265
4157
1597
747
781
494
2458
1195
1019
3272
4417
3952
391
3466
1483
3406
4183
1710
3186
2684
2962
3658
3510
1915
140
3612
2972
3253
986
2253
3740
4210
3225
1278
4249
2783
4300
3694
4394
638
4175
2291
3625
4386
3029
157
4383
3870
2460
140
293
4095
3402
202
4179
1560
3549
4059
2567
4520
4489
854
2720
4339
3461
808
2875
2836
2072
2491
507
1669
2137
2553
3737
1299
2993
4211
1560
923
2446
1574
2059
3710
2801
4454
3511
633
2439
1787
2975
3084
2733
1084
2420
3204
3223
4312
4475
3045
3037
4379
3842
1673
1648
1791
3698
3626
1180
634
1183
2858
1469
1109
51
766
2042
4159
1037
1143
880
360
3067
260
3081
1991
13
3653
1387
750
4347
2777
4513
3712
4070
741
2693
4150
628
3644
714
2951
1631
2868
3697
2383
2431
2451
633
1917
1839
3905
3676
1648
64
610
4028
2761
1775
3238
3390
2
11
2268
1662
1809
763
3196
2460
4254
1759
3498
869
1245
180
3454
4038
1926
3228
986
2216
4204
669
1591
2800
4027
2045
2868
3262
1060
702
1103
1172
4228
1732
2880
2615
1059
1633
2163
428
4066
1343
2176
1173
1767
2834
1281
296
1778
2476
1564
3128
2480
3350
27
1144
1718
898
1040
2329
1556
457
1490
3980
2962
3499
3956
4034
159
3817
1435
73
3739
3896
1692
2118
4360
3625
284
1931
629
354
1699
180
637
4109
4461
1211
3325
647
195
3388
2955
4288
284
2487
983
330
816
3971
4038
3421
2304
2647
2649
3365
840
2482
3634
1223
3301
3790
4167
1504
3339
4078
2889
205
2437
3995
1793
1710
1744
2577
4259
547
4338
1859
2109
2197
1959
2301
3277
1662
562
2104
1548
4111
3638
2298
311
3105
316
1647
398
2385
3512
4251
2793
3159
2051
4463
4248
4358
3407
2590
3111
3599
2195
1692
3163
3864
2190
2276
4378
3117
2720
3750
1340
2335
1782
2435
128
3732
3043
4363
3905
2372
4189
2623
521
1397
3522
1730
4212
4274
311
3780
4313
915
3760
4217
2627
1069
2087
4171
2396
1518
2661
3338
2974
284
3432
790
318
27
3782
1956
1779
2416
660
3300
3185
870
3539
1329
145
2797
786
916
2343
756
4241
1017
1391
3317
1468
67
4431
2864
122
3462
3950
3497
4364
3168
4343
3454
3221
2626
137
317
2705
3395
3688
3509
746
513
1565
217
2597
3672
1177
4140
3474
1577
109
2585
3037
1399
3
4441
2216
3952
486
1100
933
3650
1586
3504
3196
3084
3962
689
2624
3061
1384
385
2345
1833
120
3765
1954
3995
3592
530
3773
4181
2202
1941
3592
4350
361
2106
3477
2448
4363
1488
4173
2259
2432
123
592
715
2586
3447
3187
3094
1273
2153
192
703
572
555
3657
3376
1595
833
4388
4109
4437
75
4449
1581
2077
3212
3210
615
2135
1317
772
1145
2139
1103
444
2333
1524
2472
1493
3668
762
2820
2269
1227
3174
4004
715
566
4159
3704
1617
2972
2188
4092
390
4134
1495
4510
1363
2459
1372
834
1075
1910
91
2518
3054
2434
1176
3488
1091
4194
159
3415
2001
1517
746
1917
315
3023
2783
3679
3608
1080
362
2742
1392
1169
1271
2815
50
195
1168
2260
2322
4058
2098
1940
1274
3261
3791
2378
2624
4316
732
620
2940
2731
4001
637
1187
3319
1493
431
1083
4515
2834
4074
1229
2215
4475
2286
1679
1950
4475
257
2745
49
1223
3739
1528
4352
3475
800
126
1517
3904
3655
3910
1174
189
2519
3742
1895
2744
116
2490
1682
3029
1890
1460
3691
791
235
3702
1812
4434
653
3232
3145
425
2912
748
2265
4459
330
1050
3407
2531
2569
3347
4118
3297
2613
3259
3816
3509
4286
2460
4285
2745
2097
380
1762
3566
1188
3522
744
3494
4127
1077
4032
168
1690
618
468
4321
2251
2222
465
443
947
261
1555
1383
41
2293
3088
1537
4458
1135
3533
474
458
1181
1816
2102
427
19
1504
2003
68
2953
923
719
143
333
2284
952
3960
3090
3203
1457
24
848
2370
4516
1462
1595
4285
2732
411
2020
4335
3442
2165
3161
1931
971
317
723
170
1499
2255
2837
3658
1060
1485
4059
434
650
1016
2019
3594
4054
2005
3618
3824
3417
3068
1215
86
2551
1534
1916
1852
108
1852
3108
93
1683
629
2996
1407
88
4282
1758
2767
3445
424
2392
3894
212
3889
2760
936
1698
961
3749
2867
1574
823
2731
4199
170
2174
78
4391
1589
909
2332
2530
3583
3563
3462
3208
2513
3941
1552
2959
1011
4284
163
2571
1814
1583
3964
1713
2373
1975
3085
4048
3266
1848
3567
4034
215
3333
3971
3171
2858
3312
1269
1536
1337
1810
4056
857
4231
1595
4265
3488
2682
1014
155
936
1887
3251
3388
2505
4042
733
3184
1441
2729
759
1482
412
2069
3835
4520
2000
3828
3556
4245
4159
1650
3921
1112
1063
3742
4212
3646
2256
430
653
1523
3052
3729
4075
3237
1153
2879
407
4013
2380
1572
2343
192
3186
3868
1680
2213
2866
4446
2829
2783
3239
418
2025
2708
1052
2489
3400
371
1041
963
1080
3854
3254
4125
2015
3062
15
2631
2552
3778
2602
201
163
2558
871
3101
1036
2690
1705
925
3723
717
3832
1696
3977
1936
439
1367
4303
322
2822
4290
92
3330
565
3702
2124
2845
1303
2515
3648
4400
3202
3929
1498
378
3738
2871
2284
4424
3382
1174
1547
4268
1039
1632
3341
1031
669
2878
1376
425
1183
1498
4102
3566
676
324
3904
2681
3563
4312
1813
47
1596
3098
3680
1488
2143
1194
2240
1088
1631
688
3903
4217
4160
661
230
457
1066
861
498
2747
2502
794
1791
472
975
1710
3361
3595
3792
2526
127
2947
1699
4059
3214
3735
2840
4039
13
3142
818
240
1650
4409
3223
3259
677
2694
531
2993
1533
2598
4054
409
2189
4394
3837
3008
712
448
695
2784
2050
2539
2628
2510
1501
1722
3128
3328
4012
1777
2664
2113
4306
1664
4447
744
3571
3588
373
173
95
369
375
3340
1550
107
3903
1669
171
3098
3589
687
3438
2590
2091
3173
2657
3736
2304
1272
3901
1799
3143
2929
4234
2977
3543
425
2285
2916
3746
324
4015
933
4317
1561
1086
2870
3637
4409
1836
4442
1752
2475
3783
679
922
4435
3412
69
674
4200
2461
1396
4070
1178
737
3169
838
1622
1000
2521
2661
41
1203
619
1417
2060
3227
2590
2865
3659
3739
3831
2710
1616
494
465
4205
2201
2230
285
4223
3946
3379
164
3217
1357
2674
4353
3960
4464
510
1048
2284
2568
976
2438
341
4272
4491
4054
3027
345
509
4504
3847
1730
2395
2464
945
3922
511
3802
3283
1061
159
3731
3641
1152
563
359
14
1733
3240
3385
1167
746
4184
795
3078
1254
3050
481
3500
683
1246
3097
1311
4483
3660
490
3620
3061
409
3252
2068
2023
2331
2400
1539
2355
3106
2984
1221
3491
1315
4099
4246
1776
1587
3497
3388
64
2897
2455
3586
533
3322
2895
46
3124
4095
1829
2986
4426
3774
2535
4126
4025
4026
642
2355
309
2508
1553
1259
4058
1922
3652
808
3382
493
639
4468
2588
1068
168
1103
2537
3475
1085
2357
4283
3420
3327
849
891
3187
4355
3439
3486
3404
2514
1859
1608
4224
471
568
4372
4077
3145
2359
2751
2792
2439
1580
1059
3115
3655
1146
2734
988
4265
2116
1170
1199
264
3295
995
1248
3408
3788
1178
607
2725
4515
2238
3578
3649
1116
3837
3640
188
240
2084
2206
1343
1973
1833
3545
2785
3377
916
2008
4398
2716
2147
2430
874
1478
3403
3870
3303
3074
3964
1372
1445
2289
3015
4205
63
2315
2340
3991
3987
1240
1711
753
3075
733
562
3553
709
4010
3067
2383
1101
4497
1674
1652
1305
3270
4151
1140
2970
1372
534
3678
2150
4329
3552
1459
176
2572
3400
703
1829
1037
3384
3733
44
2963
3709
2764
3233
3441
2332
3274
2462
2348
2094
4354
2403
2751
506
3562
2279
1081
1570
3621
1562
4474
1873
3109
1147
1985
359
3514
3556
3980
1128
2290
140
1894
1461
1139
283
1452
1801
783
4383
2527
404
4307
498
554
465
2575
4271
3676
4183
2402
3323
4139
4202
1445
2912
1635
4398
662
1266
3317
359
2303
2395
3328
546
2027
2744
2581
2259
3821
2701
4439
3260
2707
1924
2745
1749
9
433
3074
2689
903
1149
179
4235
759
2779
4020
1345
1200
2487
3236
1955
163
914
1482
3930
2763
3582
24
106
3392
1911
1627
2443
1329
2502
2738
3566
2517
2314
2732
519
4416
3810
993
4229
751
204
1043
31
1588
1180
1356
1026
366
3492
1178
684
4501
3380
1350
4491
1765
2425
1985
1170
1334
4321
517
1424
3557
1937
2232
647
1387
2458
3076
1056
3666
2693
3834
402
3147
4131
3983
376
2592
1629
467
2188
554
843
1095
1325
2097
2519
3879
857
3196
2007
379
1158
2691
1150
3076
1681
2064
2391
352
512
4480
1189
1356
3447
3515
4215
1820
2489
3474
452
1512
2617
2049
2516
4225
4326
3707
1406
536
2572
3253
1759
765
2440
3390
1429
2049
4110
1411
1683
3671
1109
302
838
1521
4175
2796
4
1049
2643
4018
36
4517
3844
1406
1985
988
3204
2994
3448
3643
572
416
837
3308
1501
2944
3844
3800
4135
1930
2596
2669
1603
900
3160
1104
3803
1799
2942
1297
1249
76
459
2790
786
245
896
1672
3403
15
884
256
4105
4016
4341
404
4031
1577
1114
2904
2182
1447
1526
1096
611
4195
2906
1993
473
1410
441
1858
3741
1065
3465
1533
4051
2257
3981
164
3680
1666
2909
1267
1559
2095
2435
82
3036
3648
2446
3219
3509
108
2666
3532
1876
10
4138
1445
3703
3084
1479
0
3525
93
1698
1601
416
2684
1647
1926
1932
3390
2580
578
2609
3151
2952
2274
3034
1911
724
2211
1852
3985
1173
3249
2580
2074
1260
1559
234
1440
1963
3971
2221
3984
707
2476
338
1530
3430
3369
2160
3665
3627
3222
107
2172
1834
3338
179
3577
4128
3530
383
2690
3614
2840
875
4299
1883
1787
2389
576
938
1914
3911
1144
1403
1842
698
4346
242
4012
4482
1536
3189
356
923
2040
4437
1715
4195
3270
1060
3597
2133
2367
4345
4332
19
1483
1073
1630
2623
4403
4375
4266
1475
2886
1716
822
2921
1536
85
1682
787
4315
2800
4166
3659
4425
2751
196
2674
2311
3069
1914
1564
1044
3708
433
75
2102
1950
4450
1532
3573
2956
1369
220
4517
3915
1296
587
3042
1598
2406
3175
254
2428
2518
108
1806
3487
273
3359
2017
2996
3480
4380
1278
224
3074
4316
1538
1250
4341
830
4242
727
3603
1962
1795
447
4350
4333
1833
389
4312
1191
150
158
641
435
2269
3037
2142
699
2641
2072
4237
3272
1337
2011
747
4142
1653
3133
1245
1979
3697
4185
1266
3789
4007
1602
819
72
1808
1006
739
1559
3236
2052
648
726
1188
4256
1320
2308
3447
1972
258
4516
1059
3153
2873
1305
4366
2488
3646
1421
3292
3458
2441
2483
2960
1001
3638
3292
1628
2925
2566
1242
360
1492
263
1392
3760
2727
4470
2304
3921
2528
2590
1453
4336
1904
3917
4130
1836
1000
739
510
4423
4347
4180
69
1878
1003
4479
1446
2275
1220
2895
2315
906
340
1733
4104
3467
1284
1152
985
1578
566
3486
3349
112
1917
2895
2270
3947
1759
3548
3007
1116
2717
983
1451
218
3065
3845
1462
2182
1940
1639
842
2068
4104
3775
808
2353
3055
4515
3034
4478
3436
2552
2094
3288
1062
1395
1354
3630
465
1274
145
874
721
3454
4142
2224
3753
1612
1535
2540
2431
4112
4012
4468
150
3700
47
784
1119
2698
3290
4165
2988
2371
3321
1820
3963
2738
3
2080
371
152
2035
1432
1538
3833
2680
4001
929
2257
196
163
4450
2670
3194
1772
337
668
156
1905
940
1788
769
4008
406
732
4408
4403
4027
3220
4137
3469
1237
145
2380
309
722
1428
3223
4329
1069
3136
2014
4095
1275
164
2374
3094
3408
72
4277
3664
3239
2090
266
3447
524
2085
734
3390
2766
2571
1726
1738
2969
4414
3104
948
1293
2059
3101
3046
578
1981
1808
3616
2117
2885
2512
2267
3715
970
338
999
1562
2645
1511
1460
2756
2988
2108
2133
3131
1987
1963
166
1352
2790
3932
1919
2822
539
3144
550
4413
996
1638
665
3409
1068
596
2502
1081
2724
932
2734
3584
2375
3021
1160
2195
1299
593
2771
3964
3278
3235
432
2993
1593
2150
806
700
459
3068
2969
619
3052
1807
2717
1912
261
3380
1487
2742
3741
2952
4380
3810
2339
2572
1958
880
1969
2763
4178
116
119
2910
1834
706
320
2534
3749
86
3457
2494
1320
3812
4481
2029
3213
4436
4095
1574
224
3827
1328
2607
2768
2616
90
3304
1896
2122
1366
4306
1059
1765
2073
3734
1654
4286
1121
1282
4467
3876
4135
3114
1538
335
2571
3728
3820
2518
2703
3932
3947
600
1734
2524
2758
3815
3244
2891
1117
1422
4376
1939
2240
623
965
3276
1161
65
1311
2727
580
1786
4190
2934
1382
3039
4190
4430
1652
2482
2957
132
1574
324
4185
1899
2485
4319
3487
1909
1938
1142
1941
1918
377
562
1690
2586
3714
2028
582
1010
2022
1266
555
698
116
3219
3889
2320
216
2385
1066
1651
537
602
4141
1342
2333
3000
1442
4303
1012
3685
3985
2561
1551
4160
4417
2418
420
74
298
3571
4413
767
1787
1432
279
536
3827
1935
3419
1726
1510
2381
3966
1491
2200
4325
1474
1656
1028
899
707
1297
1125
506
1755
382
1480
587
2145
4346
3929
1519
4249
301
382
522
1545
2417
3184
2901
1653
3261
939
3682
2576
677
569
1685
70
2574
417
3770
3531
3160
4385
2617
669
3115
2535
4017
305
272
519
4432
1664
4102
474
567
231
1990
2255
3364
4225
2368
329
4383
3838
3326
668
2463
2590
2705
2215
363
3163
325
123
2851
3011
419
2068
1232
1142
4202
3548
3938
4317
1800
1447
2234
3502
2348
3167
28
578
162
183
972
3521
1428
1865
2575
4187
2538
2160
3693
3742
4106
1043
951
2925
4368
2289
3790
2334
2622
495
1738
771
462
763
767
4016
1263
2676
2889
4023
4164
1379
2464
3569
4004
1334
4354
799
2537
1563
4203
4122
4233
3389
4179
1155
2563
983
2950
2405
1010
3001
2571
2801
3508
2451
1707
905
4151
4181
1369
1660
2986
2635
1196
3977
618
4095
1046
389
703
2789
4140
1333
469
4045
3057
737
1184
3100
4325
2207
1480
3214
3810
2953
4328
4106
1578
3810
2003
3739
3909
368
912
3624
3529
327
2889
2531
3127
3661
320
1349
3322
4223
3705
681
2485
3828
1373
1831
373
3020
4165
3607
4253
1033
3624
3113
1346
1873
175
4341
1849
1590
3880
167
2897
532
1224
2245
2460
3997
736
1730
4123
3014
2026
2070
4266
618
3861
1497
2789
1254
689
2709
491
89
760
3997
2931
1673
3097
4192
2238
4377
2074
3177
3730
2024
4065
3844
872
2083
2845
2706
4025
3286
236
3371
4318
62
1168
882
3692
2377
410
58
2492
3514
4332
4301
2321
3005
115
4199
3012
519
3375
4469
1282
1722
1407
3927
3694
3582
2132
1862
2864
2314
1746
3223
60
2973
2580
305
1240
4311
3551
2280
579
4247
3171
4198
1901
2908
2196
3032
941
2448
133
2480
3296
2600
1783
1732
871
4372
935
1248
2162
2712
626
3898
3451
3367
1478
770
3760
56
2576
3170
1352
2222
1774
3664
1315
825
2900
2359
718
4467
355
1988
3053
3312
2564
2391
3452
4050
3749
610
1069
68
1925
3527
905
4503
2581
4261
3378
4040
2793
1077
1456
352
2616
796
3012
377
3778
4162
2561
3869
1256
1404
3290
2504
2079
3229
4351
2466
102
773
2483
3369
2423
3034
235
4405
576
1591
490
2747
3384
3852
3155
1627
3145
285
841
3220
220
146
4511
595
110
3794
557
4255
3820
3797
3538
1924
2812
3656
2202
2295
4160
627
1876
602
573
2076
2255
1414
2185
3281
3922
2843
2965
427
1430
4034
66
2970
1350
2530
1700
1909
2352
2053
3699
3481
2708
1461
1474
4359
1828
3466
1980
986
2872
514
3527
1047
4125
4047
1582
378
714
3002
3094
3867
1470
203
2670
1743
2714
294
4306
512
178
55
1036
228
1085
1304
2974
2472
186
4519
3836
2976
2013
1326
1822
2740
4153
3602
1987
161
4424
3820
1834
2337
2317
2631
1691
37
2624
1930
381
3667
2498
3840
1634
3975
1391
3932
806
949
3959
963
2508
2053
1560
2634
3121
3629
347
428
956
3043
1209
2308
822
3230
3101
2474
2585
770
4390
904
955
3157
1010
3249
3906
1475
3391
2708
4279
1588
3288
3210
2698
2845
1074
2145
1085
4018
2723
3757
2482
1864
848
2576
3156
3038
4019
2294
532
1272
1433
4017
2412
4203
1346
1565
4210
3631
3082
3289
1054
1653
2750
484
4042
1210
1410
1539
1484
2674
1271
2673
297
2665
332
1637
3618
2617
1712
3140
184
3030
4452
1670
4112
2580
644
606
3321
3539
2061
952
2176
649
3738
2711
3345
3597
801
4431
4221
1635
2870
1510
2986
1384
2834
3471
2630
975
3857
1795
377
4496
1908
2549
28
3555
2429
526
459
3474
4452
4266
2346
3727
1538
2166
2456
2329
1114
1888
51
3109
1514
2120
1459
2366
1644
2570
3256
3753
4197
2718
2577
4048
3011
1631
3156
1262
964
730
2026
2327
1409
1116
92
3597
1609
4069
3719
1740
1675
4296
80
2976
3932
847
858
1836
1399
258
295
1189
3920
3995
2370
4101
459
3574
3242
4420
2908
1934
4332
2244
1951
2716
989
4273
839
4051
2032
240
3261
2017
3095
3512
2068
181
3844
4155
4281
4061
2142
1466
2509
2496
173
2770
2131
2018
2492
4408
373
301
69
2842
1641
2858
3922
731
1565
2925
636
631
4186
4034
200
107
960
3470
4077
3029
1857
1081
4064
1892
3297
168
4022
235
602
714
2690
3246
3880
797
3988
1066
2122
1576
2046
385
4132
4497
914
3474
2038
867
3176
772
2529
1708
3415
26
4227
313
3276
1908
2058
2414
1856
1711
2578
4133
2477
2009
4112
34
2855
1234
132
2822
2956
493
569
952
2359
1578
1062
962
1651
1557
4067
2155
3126
1609
2482
3759
1605
3651
3865
4041
2739
3464
671
164
291
3944
2611
1881
1484
3588
267
4227
263
2848
1053
51
3676
2758
2595
385
2759
3794
2371
3826
749
3744
108
1271
224
96
379
3463
2355
2568
570
2714
2951
627
2920
2566
2070
3032
1733
1555
540
2485
2722
3736
487
3979
1147
3386
4131
818
3534
1241
1648
241
308
2703
47
489
2524
4471
3885
3263
4128
495
3731
4461
2849
4030
2753
2559
4325
3333
1683
115
312
1419
2256
2806
4225
3401
4177
1993
2215
2863
49
1261
3502
3368
3253
2658
1963
1050
3852
1847
2615
1893
2248
932
1438
1289
1820
676
1964
1392
4038
2130
2445
576
610
942
3546
1351
4455
3609
2729
943
1897
3232
1432
362
2377
2630
1506
4013
1697
4332
2757
4094
2876
1445
2530
2568
3046
2576
4495
1326
55
3656
3836
4217
2085
4373
1640
2470
4131
1603
582
1265
3632
580
4046
976
2177
845
1450
957
1438
41
4171
4042
730
2365
1390
839
4079
783
1845
4334
1245
4378
3839
3050
3233
2036
3415
694
88
890
1295
4282
3746
3108
4213
585
1941
472
606
3238
909
4127
534
1481
425
3947
4097
740
4033
2142
1636
3768
2969
2892
3521
419
3020
4397
4325
357
1733
3214
4204
961
1899
258
2352
2367
1534
2322
2979
3664
202
1776
4488
3127
4318
3280
2861
1412
3179
1688
128
888
86
1237
3868
2209
2796
1776
2280
2840
1717
655
940
1393
3700
3359
534
1975
4050
898
2974
3133
2200
2042
1339
842
1881
1918
2202
3075
3763
2849
4012
3665
3740
1501
590
3359
2875
662
1641
3398
2044
1912
2172
1243
3995
3104
2239
469
1512
4182
3379
2227
683
2385
3352
676
896
1083
1043
1169
2906
2623
3609
4114
496
3570
2677
2627
240
2381
261
2681
616
943
2188
3584
2950
498
4204
296
2393
290
2828
2985
1200
4077
1185
3300
1000
2516
3066
4226
206
477
1446
1956
3028
4000
2340
407
949
982
264
1295
1519
987
3374
1167
647
2760
2960
2395
1486
2129
2482
2762
2398
1614
2361
3658
15
1418
1070
3153
1945
3862
1275
2299
2479
541
342
2195
2019
341
1867
21
3828
3546
1134
519
1860
2284
2500
4436
650
2753
279
2780
1068
372
3051
795
1403
3123
3145
407
3820
3216
2750
872
3324
2318
810
576
1565
736
2855
1164
586
3026
1597
1953
3870
1925
475
193
3543
4186
4393
4247
2858
3764
1674
4283
253
220
1208
4135
1935
2337
1741
2046
594
445
2657
3564
1032
129
3705
1980
1523
582
4272
3316
3502
741
2643
2641
2461
2174
2614
1085
2460
1512
71
1098
2032
527
3962
844
397
168
836
1815
3440
3069
1177
759
4033
1092
285
2813
2649
1017
3929
349
764
3457
2284
380
2457
3704
678
918
1097
4269
1282
481
1792
1947
3167
1531
1961
826
2877
3550
1053
3728
4330
2988
2754
778
273
2785
2184
1767
2646
1734
3622
3943
1429
1082
1396
448
2952
1972
2539
2507
3933
3076
671
104
4340
3048
4326
2169
1111
3242
2047
565
428
1690
1663
110
35
1145
4064
1096
380
70
2256
1467
1576
3735
2779
2113
3286
2760
1202
3400
2280
2834
909
1629
4329
327
2083
3568
2120
2998
2645
3123
3810
1765
1647
538
3311
4263
4485
2908
242
2744
3218
4510
59
3659
2571
3098
4129
3853
3030
1013
937
3625
2009
2402
1670
4257
3351
1248
143
3063
1197
4082
2186
1309
3382
1922
344
2118
2188
79
1322
642
1427
4072
1102
3181
4290
20
605
1736
2289
1884
3618
801
2543
3102
3544
1918
2346
2847
2268
4015
271
1878
43
4118
2772
1547
2391
153
829
4128
1703
1285
3026
2353
891
831
3574
1328
1881
1885
189
1995
3000
65
3084
3275
2228
3842
2792
2410
495
1047
824
1834
4425
1682
1098
3312
515
2545
3436
3690
2594
4320
4162
1884
885
4271
1009
1871
3946
1319
2026
1048
3371
1294
1232
1058
2398
1988
1795
1733
3708
1984
2037
337
2783
1514
2719
922
2350
1114
3481
964
33
748
2534
296
4190
3670
2519
3818
4198
3936
1894
4305
3716
1587
1333
3070
4359
1183
1953
1176
2956
1221
2267
1804
741
2360
356
2898
2194
1539
4203
4097
333
408
1042
4321
4011
461
2808
2530
3606
807
172
2957
14
3951
2720
3794
1966
1956
2006
664
1167
3
1139
595
2215
2188
2179
4468
1959
963
2893
2595
474
1816
3512
4216
361
1053
1577
693
954
1335
4058
826
2235
6
2651
2249
4275
2595
2172
1806
3292
708
2765
238
4224
2781
1266
1275
1598
2911
3441
2659
1292
3828
2520
3581
4342
2643
2781
980
1785
2246
2107
1517
2731
3538
371
1710
4082
2331
1574
2108
3068
2254
2003
2126
1876
1904
435
4214
4237
1675
2881
335
3696
345
4504
577
2861
2751
1467
4355
1342
2925
3196
1215
11
3812
2314
1524
1839
1125
1315
3878
2556
1173
3508
4392
3525
154
2039
1154
4345
4012
1672
1023
1506
3273
1763
1910
1343
853
3375
471
294
3792
4279
698
1042
1393
1300
3610
3571
597
4166
1658
1156
2836
1208
1917
1845
4435
3416
1158
4160
2228
1552
3939
2544
3327
4356
1788
4267
1139
468
4412
3501
1294
4483
398
2074
4402
2076
2008
1845
1555
1823
2431
3844
2182
4130
1024
292
898
2510
2985
4126
2655
4514
1269
1122
4292
792
2697
1362
2842
1842
4134
1829
2109
2256
1111
2243
3307
2780
685
3079
2657
3973
1744
3411
1731
61
3660
7
1363
100
886
3494
1000
3878
1063
1396
4168
1234
1128
146
733
2470
3991
306
2307
2678
1318
219
1087
135
825
1722
205
688
1665
4519
3605
1715
1748
1402
441
3159
575
2059
4036
3614
1526
1154
49
449
1578
812
314
2811
1562
2197
3817
3305
153
1029
3842
298
2812
786
2627
2799
2724
3679
2684
3611
4321
2373
1607
2218
155
3024
2694
2627
2607
3871
3173
670
16
3898
2496
2422
1791
3248
375
3742
1510
1402
3493
3712
299
1849
890
2022
1524
2008
3492
3376
2484
2146
3708
4114
3835
3436
534
2782
637
233
850
3930
139
1005
2966
3738
598
631
765
2792
1187
3372
2294
128
2537
718
3323
35
3031
1026
2046
1572
3330
1745
2174
2572
592
3828
2658
4493
2174
538
904
1015
3629
2809
1728
3428
1271
3012
3468
1244
2290
1886
2318
931
3576
2303
3767
2509
2356
4112
483
2657
1685
1064
391
4169
2753
916
1235
3441
2820
397
377
2231
1535
387
211
2957
348
1064
4080
1281
122
665
578
254
2336
454
579
711
3833
1004
213
3505
2719
1590
4129
1176
4317
4026
2844
1987
3330
1833
585
1488
2962
16
4027
2196
1745
2402
3867
2494
4368
2075
3380
522
1196
4135
3209
3973
534
3155
722
1152
476
1218
3527
4309
3706
2920
2691
3634
4248
3845
692
287
1590
324
4260
3212
371
4355
1361
3544
3637
2642
1103
2951
1195
1442
3733
942
132
3369
4028
1660
2744
3754
1430
4264
522
51
653
4092
1670
3164
1459
1191
2096
2217
564
1611
3045
4041
3172
436
3473
3267
2892
3706
2886
1597
3775
3354
2157
4378
2180
2994
2800
2423
2160
2207
2471
3254
360
1562
2230
642
1081
2422
2502
1857
2798
1629
810
521
4287
4008
2198
2481
137
227
3795
1227
1861
504
3512
3344
2060
1632
2025
684
1416
698
1777
1486
373
3628
3037
4266
1193
2638
252
2853
2134
702
1146
2609
1139
4297
4057
4400
3426
3205
1534
1495
1
756
594
88
1578
302
1991
2514
4437
271
2452
468
51
3632
4397
1641
450
2312
3942
2452
2074
2288
2545
1651
1292
3851
1845
680
3767
4483
2566
3764
2344
1843
1590
1937
3171
3292
2209
3832
81
1664
3487
684
2024
3388
1058
1430
2795
1725
974
1470
866
2699
1863
4194
2603
2438
1352
3329
2754
336
452
1862
1413
2983
3741
2571
1306
3842
3522
3140
3844
137
1260
3643
2243
864
1713
3583
4252
86
3193
1789
2174
1668
2802
2498
651
972
1729
1807
3179
2317
436
2609
1628
48
3368
2690
2753
4317
3590
4236
2560
3523
2112
1172
3755
1589
4417
2339
3459
305
3234
464
4275
478
2914
436
1799
2048
4113
2614
770
4025
4478
2265
3278
4462
2524
163
2788
1344
2543
1996
4204
1682
4413
2023
4487
4074
269
3934
4283
1333
4337
3039
3948
1227
4345
4344
1240
2563
3293
2211
4186
3260
1929
269
1184
4462
3204
3911
3209
3721
728
914
2928
377
4355
830
4246
4441
823
213
1486
676
1565
1834
1495
2699
3100
1450
2843
1033
3117
1751
1891
2691
2034
558
2570
4340
2684
3720
4358
1730
2104
3136
4005
2029
2880
2448
3804
2189
3336
2157
3687
2554
311
567
2367
1887
2048
2717
3975
1516
1376
334
2497
2625
4265
437
869
1529
3561
4463
2795
868
679
2140
163
1167
174
2214
592
2559
2361
2204
3203
74
4295
3936
1845
1170
2448
927
4053
587
2949
2965
3896
3942
1434
3198
371
976
2311
2690
3664
2469
4256
157
3315
3608
338
3505
3612
1955
2465
982
1274
3733
171
3814
2488
3050
1126
2222
657
2561
2433
2503
4212
3119
2021
216
1330
3533
1585
514
2543
3523
524
4108
547
1561
3615
258
4266
1615
429
3544
2766
3244
2034
2745
1070
1507
2352
10
349
4205
4061
3441
328
1947
3898
3908
4273
4510
1032
2544
70
2161
1149
79
1668
4116
4280
1314
2564
4335
234
3155
2968
2825
2114
2395
3773
1604
3709
4250
3490
3189
2075
1597
1092
295
836
439
1883
2403
2809
379
4139
4260
1081
1247
1985
1043
3219
1632
2829
3271
2041
2383
2641
3368
3987
2180
1820
4056
1192
4047
3743
3132
2909
1112
980
3566
3698
3033
3655
4232
148
3450
1577
4061
2300
2011
462
58
3548
4369
1469
3527
1348
3672
1596
3816
2654
3544
2489
4498
4463
3728
2283
1712
3293
923
87
4161
3992
2414
2913
365
3209
3176
3287
2077
2517
1054
927
1929
2854
3406
3026
4184
2844
1051
2443
3682
1926
1805
2490
2910
3519
1255
523
2496
1141
456
2650
237
1855
4293
3729
3760
2778
1539
103
1532
3088
2942
842
3835
119
3159
1174
4056
3737
89
1904
2164
1289
1734
3153
630
4295
3955
3014
788
3037
1927
3136
2032
3508
157
3759
4440
2908
106
1150
1407
4498
2762
3814
3856
3775
3368
1538
4065
826
2819
1343
2923
1981
2622
4147
2999
2112
159
3393
2240
1215
204
585
3156
1766
2489
820
1963
436
3741
1004
4179
2977
3537
1581
2071
208
3087
443
1698
3219
2836
345
1899
641
2555
2850
546
1454
4311
3107
1917
1396
940
524
2743
2889
4264
592
2842
1800
2844
2229
2087
1803
3131
2350
2791
239
1291
946
163
973
4122
462
3384
2170
3825
3887
1021
723
3742
4141
650
2021
3650
4443
1601
301
2860
2848
1020
299
1931
2878
694
1138
361
1480
4351
845
3136
2885
582
2681
322
1050
1065
2076
1382
2677
3800
711
1523
2876
4446
1744
4018
409
4021
3706
2502
2378
161
4209
4129
3208
2891
2551
2242
3034
3606