4424
2492
4479
1592
4437
905
2933
776
1391
1865
1212
1883
3053
4029
649
2421
539
4414
3919
1062
1932
1443
2523
238
1128
3220
2881
4320
1084
1315
1002
3455
2495
3706
1521
2147
2264
269
1177
436
1040
1245
2229
2035
3506
3576
134
2207
42
530
3837
370
2534
2700
3561
4066
4341
3113
1180
4301
4263
4450
2746
2767
186
3684
868
2028
1617
3679
3560
4431
3064
617
737
2594
3974
560
1172
190
4267
311
3647
677
3361
1854
3396
705
722
508
1770
3305
198
944
3195
287
4419
2207
4289
3353
3538
396
978
221
1204
1434
1736
2844
3301
1739
2096
445
1655
3704
891
314
3521
1339
1992
999
2370
1144
3133
2300
3301
735
4229
1552
2642
2579
3668
2601
3218
210
221
1971
1090
28
4312
664
3000
4311
3341
3540
1937
356
1975
507
2630
1320
691
2502
2975
3262
2042
482
2111
1895
3373
390
1687
2344
2968
3441
747
1689
2006
2482
2873
1217
3545
1114
2447
625
1583
3971
3219
1583
4025
686
3082
155
3420
746
1697
2724
557
4425
275
416
2057
4036
4460
3217
650
3563
3932
2250
2751
3117
3063
1387
2594
3550
4259
2091
3100
2275
885
1132
465
3963
4400
513
944
1643
1049
3798
591
2194
4395
1132
1462
602
1332
4057
346
720
622
319
1995
4156
2020
4360
3310
3426
2708
935
2085
200
2153
370
1301
1134
3241
3052
1451
3369
1398
3933
4124
1889
3976
2638
4001
22
3340
4015
52
4425
4479
3143
1907
816
3541
2214
2489
4276
404
895
787
1518
1077
2954
275
1029
3574
1235
3512
1986
1101
2282
990
3493
2227
1429
2380
3784
4189
2294
542
3563
2430
4080
3406
2996
1999
2454
2834
3693
3487
3843
3646
412
4402
1594
1924
3207
858
4397
1798
2714
2312
300
2998
3510
2785
1689
1423
2925
2154
3555
1341
2959
2708
1713
3412
1903
2274
2051
2427
3049
4405
2049
3530
2634
4300
2104
42
3442
3522
3169
2982
684
4341
3482
2329
719
2092
3601
354
4275
509
1852
2360
2289
2638
2010
2266
1105
119
3309
3428
257
1970
3233
737
2591
1975
3387
2474
327
1326
3854
2079
3513
2666
1627
3404
3073
983
1836
3319
3581
45
1862
2129
3259
2779
3527
3238
3502
4343
3733
3810
1749
4479
2483
529
2242
735
1142
2801
3016
2658
629
605
756
2651
4474
1617
4069
3843
3252
3927
459
1754
560
1692
4343
4094
1831
4130
3947
1355
584
3794
3941
2307
528
2749
4004
212
1753
2870
3925
635
3138
3262
2307
2730
1623
3906
945
811
513
2556
899
1612
1669
580
1182
1743
4088
3564
1083
2217
1098
4368
2943
402
521
1618
268
745
1135
305
2297
3623
1917
2186
1062
1336
436
703
442
842
1091
2193
2826
44
4115
2965
1662
2606
4098
3884
1271
401
2178
2420
893
2191
1444
219
208
4366
881
4254
1764
3594
2763
3023
22
441
1776
2328
3089
2609
3151
877
875
3488
652
2330
1448
3244
3667
1621
1036
3021
2864
560
4369
3645
1675
3507
3477
3372
2931
2553
11
4386
3466
2396
4346
1176
4004
4159
2183
2703
4203
3363
1330
4471
227
3452
1328
647
3464
1701
2295
4416
4379
4511
1329
2044
3696
3409
2149
1654
855
2347
2158
1366
3313
2672
979
589
3582
2679
1987
437
1851
2261
2039
3520
1740
285
3085
4100
4053
1129
1593
1552
2251
3544
2475
1351
1835
1220
1881
1000
3907
4024
3642
2904
158
739
2696
3091
1331
3597
881
3790
192
1003
570
545
581
202
1980
2978
3522
930
3065
1519
2180
1780
2372
632
2794
4009
3520
2090
3445
3416
1339
3259
2193
508
2865
1390
775
3988
2780
301
3778
1764
3509
916
824
4147
2965
3482
784
1142
888
3024
860
885
467
1687
2097
4063
3914
2097
3763
4160
1312
1787
153
3952
3671
3760
3094
2675
2549
1441
3668
3561
716
73
1417
1480
1864
3218
4508
1451
3552
1623
4107
1981
632
4253
2352
153
2384
2462
4337
4071
548
697
3946
3265
261
3672
3207
2710
4196
2207
784
1481
4002
903
1594
2129
3851
3061
2505
2966
485
605
901
4168
2800
2334
1000
1854
3799
4234
1272
728
1485
3916
3560
1284
2191
284
551
1417
4030
628
3261
599
1044
608
2889
2044
2365
2079
53
2077
2145
401
1851
4177
252
4269
1799
3334
181
28
3450
2708
530
3533
3434
1390
1742
1976
1946
4168
2076
308
2330
3906
845
1306
3245
4045
4372
2623
584
3524
4388
2684
1944
1669
630
4196
313
3498
3164
3267
73
1265
328
3542
3706
3064
2152
3892
2984
3132
1052
541
3583
1362
3466
3675
1290
3627
2497
2981
1060
2959
3697
2039
3180
1150
2884
4379
2173
122
738
1709
1679
1911
541
4018
678
3089
1758
2778
2199
2348
1958
1122
589
773
2545
1732
1749
3022
2550
213
2042
2273
4494
1366
2190
1448
2465
2498
1789
3216
1010
2519
900
2873
3330
4514
1972
2411
1876
3910
2800
3257
798
3763
3898
1017
2497
1345
3892
3784
2437
3151
809
3462
462
1289
1568
4404
2175
2671
2869
4294
243
1617
2174
1811
1881
4069
2127
560
2252
2025
1975
388
4514
1077
3360
2582
683
3710
169
509
3858
1319
3689
3610
2204
4259
4267
2098
1536
487
3913
1035
1763
3882
2853
3663
1706
2335
19
246
2159
4073
3929
797
2837
2858
3908
1133
2354
3512
3086
2807
2531
2807
3352
51
2741
1698
69
1356
861
808
2911
465
4335
3806
2566
2490
2386
1850
3845
4045
2628
3365
2402
3935
48
206
3700
312
562
1794
888
4154
2143
927
2442
1186
2913
2969
2932
4195
1927
537
3175
666
725
3436
150
634
3053
2385
1068
3170
765
63
492
732
2654
3108
512
3044
2402
1857
262
1608
2313
782
2179
2252
1737
2180
3548
2949
740
4166
2223
739
4511
4329
758
1859
4477
953
1829
3542
3285
198
4475
944
3673
2297
3793
3990
2141
1783
2361
3084
1244
1748
1118
2919
1465
368
4432
3655
4032
4284
4385
2862
1168
632
1482
1121
3242
1981
2118
3260
480
2251
677
2849
4223
55
2631
1206
684
1640
2559
4123
4029
3700
4098
3408
204
1687
1868
843
1680
3899
2905
1903
4266
419
723
2581
614
1497
2315
2849
104
2950
1286
246
68
1463
2666
4408
3564
2782
384
1950
438
795
661
1741
3758
1691
648
3177
3555
3731
3855
3304
4300
2952
4158
2589
3504
4082
4268
3076
3599
4196
882
4147
938
2247
841
3687
1980
3757
1531
1627
2611
3519
3379
1164
2421
3864
2808
1465
632
4195
1454
1392
17
4194
205
914
3948
272
452
3891
1548
3040
1902
2304
1263
375
1974
2644
173
1863
2931
726
2498
3088
1414
611
3161
1117
2013
1084
4096
3990
4241
4041
3759
3452
4418
4076
408
3863
425
4504
1896
866
555
1243
1746
4251
287
2919
3247
361
1545
2263
2771
274
1107
4391
4158
3629
1688
1286
4201
4344
3609
4208
2719
2112
1041
2670
2124
4441
4172
70
539
151
987
1615
442
1356
2757
3426
1599
3249
4298
1632
3654
3713
4395
1350
2122
4515
2616
2764
2589
822
2245
2330
2707
3501
3228
4078
2947
2425
3696
2108
2762
2345
3459
1807
3033
357
3869
704
1681
2128
2968
1798
4447
2218
1935
3942
733
883
725
2780
534
3395
3008
2723
711
319
1382
3016
1506
32
3822
1278
604
2370
2682
2673
2598
2004
2185
3972
3652
369
4460
2493
1655
1521
3518
2525
2140
2456
4077
469
1880
3380
3455
2079
3798
3885
3028
2944
4431
2410
3454
3624
1087
2326
864
4366
1199
2807
4478
1576
2760
2232
3439
4107
1818
3360
1795
2175
4102
640
1263
3271
3541
294
549
1681
3934
2185
1493
2436
3576
1817
553
130
1316
3725
3788
4289
943
4371
3877
909
893
3129
1298
3662
3816
3797
436
1846
2779
2006
3259
2844
699
2703
1006
2686
3668
422
4482
763
4100
3624
2778
708
882
857
4465
704
711
1244
4345
1638
1182
3609
3660
968
395
1690
2726
1797
1184
4138
520
1847
2172
3077
1138
2517
2254
3928
497
91
3951
3715
3078
1489
1830
2409
4083
1990
3040
1550
1083
1719
3728
1882
915
1379
3424
3791
1288
3095
673
4257
2577
1155
1706
3510
3983
1443
990
2197
3233
4283
1610
3180
1638
2989
720
4485
2441
865
4071
3542
2751
7
2470
1019
4149
1596
2470
3839
588
3742
2605
4452
1908
1771
122
1876
1402
1238
642
3793
2175
747
433
1543
1813
2266
4415
924
3073
3987
2692
410
566
14
1252
3739
821
3736
1358
3469
4404
438
2104
4475
2232
3345
1469
1727
2520
455
3
44
212
2190
572
155
2688
4302
1795
3789
1420
3914
1786
4303
1824
1216
3907
3787
1990
3390
1610
2617
4416
531
1016
200
2733
3832
1272
710
4516
4389
98
2198
2665
3605
1063
2198
1796
2861
4419
1697
1260
1928
1555
3664
1264
546
948
1062
252
1433
576
86
1584
3437
3929
1277
1480
264
3028
2722
721
3
483
2865
2910
3674
3039
258
3497
3171
2408
649
619
335
3025
3080
3283
4051
2588
4302
1145
3384
4265
4284
1523
1281
1751
206
4517
4232
4188
4067
3398
4324
1188
1870
785
188
525
1193
1356
525
2849
2705
1417
425
3632
961
84
3518
574
3256
1434
1827
606
4414
1969
3277
1631
1296
4424
4237
1352
3355
4368
942
1276
1598
4047
145
3993
2404
2342
696
1501
3866
2161
1558
2985
4520
673
3953
3469
761
164
643
1663
1556
3981
2456
3758
1036
702
1507
1123
3478
58
4221
3050
3468
3821
3868
1767
881
2425
803
856
2133
814
1375
717
676
2219
2471
737
736
1817
4205
1077
196
1666
2303
1895
1238
3203
1739
429
1165
4110
2587
3828
1010
925
3801
3925
3379
3996
2947
2188
2175
3306
1674
4505
419
3236
4466
296
1830
2497
3188
458
882
162
3834
3129
704
525
3448
4160
264
2356
2393
2409
1205
1669
2534
1443
1558
2766
1852
3269
3040
1537
1837
3055
2928
4328
246
3901
1240
4388
2189
732
3057
3106
2848
3535
1588
1869
1005
3235
3552
3857
590
2154
1746
1223
299
3319
2502
2922
766
1724
560
2239
2441
3513
1512
1021
1549
1745
4183
4204
3275
3666
4496
1223
1867
1150
3328
3169
2378
3533
1157
2661
3732
1627
1069
4283
1686
2492
1600
1768
1362
4045
4455
2712
955
2186
4239
336
2345
4359
2847
859
4220
958
1875
2751
604
1023
2226
4093
2783
1706
793
3971
2905
4456
480
1661
887
1667
1763
2622
3815
4082
2305
3866
2124
1606
1446
2319
4063
3304
1685
4268
2395
627
1516
1682
1125
3319
1197
3551
161
2804
359
1731
4033
3194
2885
2250
4231
4103
2128
1716
3482
3360
1521
1779
2365
1600
2196
787
1248
807
3153
64
4311
278
4129
1406
577
1589
2573
876
2739
2872
2350
2534
545
485
3614
2835
4121
1002
1449
3352
2287
874
97
3000
2415
530
4047
3288
9
4366
3615
1347
119
2188
4256
3300
3133
265
2029
2636
1558
4313
2283
944
1428
4221
452
4234
3840
730
2627
22
3136
2102
3718
285
3027
2187
119
2464
1419
4393
3942
2102
2539
2400
4398
975
1412
1623
1729
3467
2899
745
845
1146
1629
1241
291
1451
2783
383
280
3389
956
2016
3292
3718
1794
1203
857
2789
4135
2724
3162
4083
1017
3545
3157
2785
4253
2932
1993
4190
3068
3667
3617
3567
3320
4486
4293
2078
917
3704
1089
4058
1985
880
3360
632
150
1250
2673
3232
3625
1567
2277
4135
2918
1673
2582
1204
2310
3770
3138
3944
486
2452
3845
1668
2135
1820
3234
629
4366
3952
74
303
3497
3086
1889
2547
2454
2715
2922
3657
1567
2622
171
733
3500
1339
3093
2112
2607
902
3930
2485
4372
2315
2503
2466
1649
933
1103
3721
477
4079
3194
782
1794
3560
2859
2831
2640
553
2452
3303
2817
2816
4210
1653
2243
172
4045
958
914
2382
1162
3614
3888
125
2364
2981
1870
3024
3665
2143
1835
1860
1366
1272
1319
2424
2839
3299
3656
1346
241
408
4462
202
1284
1123
2216
1705
910
744
479
2090
3933
1658
1690
2036
3200
3981
2425
237
3627
2825
986
3289
4369
3216
2304
2707
1307
1251
1849
815
2724
1989
4093
992
2316
3315
1533
2197
1671
4011
228
609
3833
720
3412
1554
2639
2251
2346
1335
3106
3164
3149
926
3553
1750
3100
139
3058
257
4137
3139
2604
3119
159
598
1999
1758
4023
1205
3653
1433
2194
112
530
3418
3751
3952
2663
2074
1002
4261
1064
2651
1283
3117
3491
1992
3643
1206
3654
3974
1104
722
4008
3494
2499
1964
2960
569
3910
4235
3136
2234
1978
370
1343
754
812
2077
3679
723
142
1483
4469
2058
2018
1040
508
295
1013
1643
3135
2057
4507
302
3557
2528
3311
3388
370
650
3259
3919
1576
2442
2958
422
3870
3797
2541
3019
4246
2202
2566
17
4424
3766
2982
185
3029
2789
4197
2228
2772
2418
28
454
4216
101
3508
1031
3836
572
3438
3017
3916
3996
4494
1364
2353
4167
2644
1669
1919
474
2868
1904
3158
4172
2909
3221
3329
4371
261
3099
2952
1306
610
1872
3152
2954
4033
1603
1674
3115
2227
2373
4457
3345
304
1236
4211
3460
2838
598
4282
4508
1928
3893
1455
795
3832
3049
143
475
3020
3723
2196
4261
1460
700
3318
571
2823
10
3146
335
1091
3572
996
3781
588
78
2493
3118
73
3960
406
1161
4441
2782
776
509
844
4101
4317
4484
3390
3995
1822
2982
4009
1074
3570
963
1953
3341
466
440
38
3678
1045
1771
1011
1590
3715
4463
2004
3467
1265
570
4015
1886
1996
1778
118
4084
389
2990
2232
1949
2704
3059
295
1668
3477
4288
2339
1731
4265
1560
2630
150
2055
1550
2564
2367
2578
831
2910
1677
4419
1294
1049
547
742
637
1885
3983
4235
2588
3652
1635
3154
3102
3702
1460
214
206
4094
3654
3327
2798
4054
1409
4417
3720
901
345
3021
2474
1428
230
514
1798
3659
2869
1951
2311
2629
1102
4298
965
378
4048
2459
2128
3966
2097
154
2531
3502
4
2319
2865
2922
2362
2995
4012
3930
4376
4238
3824
1333
2786
3526
4026
2598
445
3911
2324
2931
1329
3413
4308
966
3708
1029
3555
167
2359
4461
3641
147
1645
1875
4353
639
1750
2383
2231
807
4245
1390
1616
4411
1011
748
18
1571
1433
1513
385
2886
879
2992
646
3874
4450
1670
2247
3207
2788
332
2346
671
1236
2411
1060
1905
2542
1653
3286
4400
594
1010
576
4454
2373
3374
346
3462
1987
4198
1841
3161
814
1889
2131
4324
181
2950
4331
3246
2406
3110
1249
1041
3996
37
2616
2775
4416
2839
1258
4452
4321
1366
2166
481
304
3272
389
2216
4023
785
2175
2675
89
935
2554
2283
1972
2735
2935
1571
1091
51
701
1603
835
1676
1459
2468
1888
2460
781
3263
950
1088
3486
2033
4261
3222
1990
2973
2481
2279
4283
1917
3292
4067
3802
2543
2994
2854
272
2897
3074
3737
2949
657
1376
626
4239
2730
1665
2265
3375
2766
2027
4395
1837
3964
3104
3076
71
2650
825
4441
711
2884
2391
2510
2762
2360
3346
1338
3720
4278
3487
2633
3831
2728
307
2986
1064
3814
426
3018
3949
1776
2699
336
413
3043
1939
608
2030
3297
565
1212
2233
1101
291
779
1951
2834
4380
3860
431
3242
3168
3188
3701
835
3621
958
3679
1588
4436
3943
2010
3414
3732
1926
1561
2131
1318
2539
3058
3972
941
3787
4269
1381
3885
3118
3205
3332
4146
155
888
2524
1987
741
1391
592
1746
1531
3407
3857
545
3286
425
1050
2994
517
1163
1913
176
527
3269
2800
4260
2056
4159
3063
145
1072
2486
1562
3010
325
2211
2370
2350
1280
2866
213
2574
2043
2554
2606
669
21
800
1553
1647
2678
2246
2814
4419
2528
3366
154
4279
4022
1483
4465
1160
2880
3912
3821
1366
4474
2321
3016
269
3645
3891
3305
2324
3042
1731
1627
1487
1198
4511
4450
2418
388
2585
3523
471
2012
1427
2966
2851
4017
4039
3953
4404
701
3264
204
2994
590
1682
3773
159
947
949
1146
2748
4195
1873
57
4051
3299
1297
313
4481
1134
1525
638
2292
2539
4389
3052
562
1780
3297
2132
3868
2263
4277
4239
1469
4251
1639
3244
3653
1197
3284
1291
2342
1325
2867
4191
2876
1848
4197
1912
3995
365
3411
3014
62
2797
4498
1759
2073
62
718
651
2321
354
4404
3232
3859
4519
3897
669
4056
3859
877
3071
2248
2661
3308
4233
3290
2157
4239
4164
286
287
4067
2026
411
838
2089
4118
4505
3354
3554
2133
2092
2214
4328
159
1316
1381
2081
2925
22
137
1355
1337
4244
1011
1385
1931
3735
4067
3118
3992
3164
2662
1004
1739
4499
3977
2378
544
512
4192
3697
2204
1513
1277
511
2436
4075
3638
1555
1006
1313
1519
225
385
825
1320
1423
3158
1820
1391
1786
3225
678
2738
245
475
767
3647
4344
3930
577
2230
2867
723
1521
4308
1482
2789
740
791
4206
1886
4046
1633
1960
1875
2582
4136
3465
2590
1491
566
3747
3584
343
2393
1671
635
4054
1112
4297
1969
2179
1846
2761
588
4364
886
41
1923
68
3880
3397
2741
3234
2532
1533
2932
3413
3785
3030
1159
3250
4267
1388
2801
3677
1801
3579
1568
879
2676
581
1026
783
1834
855
3148
4378
1842
854
693
1556
1546
2653
2464
1940
1419
3248
4416
1118
1232
1044
2029
30
678
4139
916
4472
1275
3854
2617
4376
2444
3928
3325
1960
4303
897
228
2517
1959
3959
2438
3317
3126
3837
756
3475
1102
11
2234
1048
4503
1333
3186
1325
3619
4458
3172
1765
4240
2270
2764
1845
2394
3732
3352
2989
2113
1929
3443
3912
2585
2970
2881
2052
1506
969
2863
207
3503
3459
2397
2785
3124
214
192
4190
3381
3729
1442
369
3248
3918
1418
2899
1921
3264
3469
2713
3602
2000
2321
3012
3727
2494
3768
3192
384
2311
2833
4185
4293
2894
1024
1532
2455
4328
3645
1552
78
3118
1998
3498
3293
1165
324
2838
2084
1775
3537
3492
4194
3006
397
1490
1792
512
515
521
1991
3841
4084
2044
2220
2191
1663
4183
379
4410
3505
684
1952
79
153
1997
1053
1948
2080
1414
1937
323
704
710
4342
3106
2717
167
2024
3535
2621
2140
451
31
400
1449
528
3593
2079
1318
1301
4425
2369
2122
2210
4079
1244
873
1414
425
754
110
508
4217
3896
554
1485
3819
4472
1090
428
2201
967
3312
3402
280
3278
1829
461
1674
265
3627
4135
2117
153
2322
2197
3715
2063
1743
3500
3016
742
559
4436
3985
4221
2737
1210
181
3360
1718
2984
2257
4066
1126
495
1256
2583
2387
419
1043
1583
2599
479
2326
2495
1961
4055
2785
535
4502
1372
1312
603
4089
564
2675
755
2456
2422
3667
4043
3788
790
2417
3089
1241
838
1067
672
2220
769
3522
4424
163
1033
4313
3174
1813
4508
3228
2011
1075
3962
372
614
3354
2006
3614
338
2499
1730
2959
1127
707
581
475
1337
3170
3756
998
2440
1556
738
983
570
3285
4386
3777
3823
4268
3349
2767
4084
1942
1872
2942
2427
2226
392
3795
409
3902
3481
2691
3962
2250
2127
553
4137
242
2326
3852
1971
4124
962
959
3806
1618
3091
525
3125
2424
4003
2715
619
513
3123
3841
807
645
632
1980
105
2234
3799
43
3796
1611
3893
3393
835
3314
1606
4384
1969
2572
2644
3655
2807
530
4440
2750
701
1956
1668
3356
482
1909
2219
3561
3627
3210
2552
3397
3442
3116
2884
3142
838
2350
780
2294
2172
2302
1830
3468
2673
1183
3317
2697
1053
1008
2634
793
2133
3425
4230
448
2178
3160
74
403
3263
1766
1747
2967
1024
2686
351
868
797
1275
1082
2797
1926
1196
813
792
942
3552
2783
564
3628
3307
1819
806
2507
3797
49
949
1276
1645
2457
1809
3373
4339
604
1311
2611
852
745
1608
3519
4091
3889
2797
2986
4463
2005
2244
4037
1394
1142
2561
618
2673
4080
775
2735
3623
3747
3702
3483
150
1497
677
1591
1900
2376
3799
3007
2110
2102
800
1784
1488
217
926
3863
62
1079
1300
3836
649
2468
2867
1381
4293
3088
3840
4405
1778
3649
3848
2676
4012
3511
2518
484
4086
1856
2648
3326
3925
3723
3857
3850
622
2404
1529
4416
2363
767
2238
1921
3512
1532
3367
2127
3203
1481
1099
1235
374
784
2906
759
1306
3726
4026
1551
3696
4320
837
1741
4332
1520
497
2867
3465
2292
2703
3668
1254
4224
3784
4141
627
3304
1963
4353
1488
2253
750
3310
1764
3803
1882
1521
2941
2808
4418
352
1115
377
986
3451
1620
2566
3493
1679
4373
2879
3537
3270
2803
483
1983
2745
587
2897
106
2779
4017
1267
4115
3672
2154
2424
42
1103
2504
1925
4344
853
2718
733
4409
128
4192
99
2656
2580
2345
1369
3447
3055
3225
765
3232
332
1786
2804
2406
1520
1740
3509
875
291
4425
774
3848
2202
529
3458
1408
3777
2336
4265
2249
226
867
3896
1321
2736
854
481
2639
2245
159
3589
2282
3289
1573
4148
3822
4273
1327
4302
1605
1091
446
2141
866
2280
2770
3797
377
601
16
3390
3918
1648
121
3974
4243
4280
4281
2800
3702
1787
545
1699
2058
2790
2013
3574
574
1117
1681
3295
3623
2969
4243
3889
2612
982
1523
836
1916
334
3826
4140
3370
1710
2651
3225
2091
2952
1922
1740
773
3294
2513
3687
2959
2139
3218
320
2197
1641
3236
1505
3179
3598
400
2549
2628
4169
3286
2594
1507
3173
1142
2139
758
3716
2191
1459
2289
463
2849
766
1471
82
999
2485
2335
33
2322
4414
4025
1399
294
4000
4257
796
2093
38
3510
1956
3295
803
3039
2414
3408
416
2610
2057
1021
3179
2210
4427
4098
2088
234
979
3543
3773
4130
2083
2638
793
1507
3738
1622
1118
1377
2067
1755
1973
4374
2122
1885
4391
1905
1059
1594
1210
543
86
4003
3878
4196
2299
662
1022
2525
1012
1994
1259
2538
1811
1333
454
1120
2077
2448
540
4215
3625
4245
3542
3013
1373
3892
1768
858
2421
4179
3436
825
2001
184
79
54
4261
1147
4076
420
2960
4135
2817
2950
3478
845
2310
773
3994
2795
1722
69
2194
2375
3641
3706
2928
1103
1094
4405
1868
3912
1272
820
1334
4301
496
1892
1335
3862
2956
3596
3862
3129
3507
3345
817
3336
1388
2984
2203
4344
3106
3338
3421
3300
2047
3560
3600
1048
3866
755
2295
4485
1970
2737
2218
4477
2164
1759
1485
1169
3961
3624
749
2357
419
3934
2124
1765
2681
2067
902
3904
1418
2165
4289
1782
2255
2570
88
2667
2235
3688
3606
3126
4097
1374
1095
1464
3866
219
3553
3045
4248
2688
2014
690
4114
4381
2212
3730
4480
4089
2572
1574
1138
1138
3789
4320
1870
1269
917
237
64
596
2359
1446
4045
126
1205
3812
2606
4414
3978
3004
883
2746
3760
1506
1477
2138
714
2198
922
2751
420
993
2492
1839
1159
160
2221
4006
3345
1988
3462
1124
1596
3853
3658
988
1069
1557
249
129
118
3919
1014
346
3431
221
1071
971
3427
1603
3753
1609
3602
1685
4149
2595
4294
1240
1019
770
3046
121
3419
1046
3710
3535
917
223
2203
4336
2259
1847
3746
4289
1531
646
1021
83
2764
2517
2188
4400
1921
1260
285
1567
2511
3890
3116
1897
4226
4380
397
731
244
1515
4445
1220
4352
3229
4380
3779
3996
4471
1430
3714
1508
931
1409
1970
138
3498
1082
3260
3691
1214
3212
595
1187
1341
2858
2998
2893
2915
3384
603
2019
2322
1588
2460
3381
4380
2037
316
755
3986
1929
466
2200
2374
4262
4361
2109
3112
3098
1526
3014
2903
1462
1009
3509
2406
4209
1026
855
3695
4505
1310
1575
807
275
2484
3064
4159
4412
3998
3447
1180
3357
3750
3662
329
4110
4429
1424
2502
2431
3153
1298
255
3751
4202
1657
3540
2690
907
2865
1527
4013
1836
4328
939
1336
3825
1224
297
2557
274
1169
1958
2157
1879
2492
2878
592
276
3063
844
525
3772
3168
3045
1499
4185
3085
120
2710
2842
3865
2344
2648
1373
2993
925
4339
3436
2863
2649
780
2800
1753
717
3202
3931
4266
781
794
3334
4043
1601
637
976
4322
2601
830
274
3821
2030
1117
3827
1983
2755
13
3240
3162
28
2719
3534
4055
3984
4002
3395
1116
1010
3914
1137
940
1841
105
2165
1473
1825
3530
1212
3123
1941
1454
1859
3588
638
3516
310
3630
2379
3130
1859
278
2002
2644
976
4107
1648
1727
4504
3462
1174
2100
1756
3631
3117
385
4250
1742
677
4302
674
4271
1823
3812
2665
3975
202
1033
1014
2590
3743
4471
2504
2954
1564
2324
365
755
2259
2875
3060
1936
3697
416
3771
4191
427
2117
2048
3712
27
3902
3501
1012
1492
3774
1345
3213
672
2466
203
936
4265
1817
1487
3162
3650
4091
1164
61
417
3924
2606
1090
3105
2903
370
1210
3506
2231
3488
1122
1672
3698
411
3677
555
2045
601
1120
4230
4258
1814
3947
2941
1153
3648
1814
3112
488
4024
311
3750
3394
3937
4314
2110
3621
120
18
2559
2086
284
4210
1157
1169
2719
1545
1991
1131
2916
666
351
2308
4023
2595
3627
2621
285
3820
1710
2179
151
4166
317
3908
1398
2394
1758
3538
3056
258
3767
3025
686
3693
814
296
628
2682
2720
3432
2895
1615
1733
375
3032
2371
1378
1155
2465
712
3629
3692
2507
307
3999
1804
2912
3898
1753
1417
512
2674
2620
3060
62
3685
1324
476
4029
2587
3395
1434
3336
4347
4492
1537
2499
3508
1563
1819
3128
4137
3089
21
1269
447
1561
493
1415
3386
1908
3929
3202
3458
3600
3727
2340
1501
3453
127
3050
3691
1236
664
794
1241
3743
779
1504
421
3935
99
3619
3615
205
4365
1804
631
298
2342
1662
488
209
715
2624
3303
294
4511
1894
237
1874
1427
2080
4341
2077
3100
3912
843
1269
1315
1718
364
1401
4018
659
2288
4423
3697
482
2428
4487
1683
2967
2032
1047
3881
1399
4013
1858
2922
2728
4390
2726
2619
656
2478
1899
746
3157
3424
759
392
2150
2518
2528
3133
1572
4071
2904
1366
2301
3614
2000
1560
1144
2690
1978
2723
4061
1726
1833
220
2621
3055
1617
484
2626
445
1139
1982
462
281
4171
3355
4056
827
920
1949
4472
1924
2394
2054
3482
3544
1787
4477
630
2924
4217
957
4449
3875
2340
3749
1008
3976
3438
2998
3816
1886
2045
278
3819
1291
190
2668
3423
1520
4509
216
2196
3432
4386
2386
2314
611
145
4283
607
939
1658
830
1361
2063
3248
3280
3470
913
2625
2412
3452
725
2641
2806
413
299
3544
3280
2664
1073
2670
1478
911
3262
4041
754
2093
4405
2380
1785
339
3849
2674
1924
1771
325
1498
2732
227
917
721
3734
3134
2932
864
1413
3206
417
504
3910
838
1473
2291
156
3706
1953
3782
3747
1621
3785
378
3412
1122
3804
3308
1089
2574
3831
619
3292
19
2996
2456
75
2429
4202
4351
3495
3726
4274
4030
2067
3087
4010
1675
1399
4334
3238
907
2070
408
3899
1044
2920
317
457
2292
2549
584
4195
3272
1230
1813
529
3919
3381
107
419
671
704
2827
886
1533
196
4073
4187
1743
1377
188
3453
3448
1841
472
1042
1616
404
77
1962
3629
2014
3666
2085
413
408
3818
2876
4469
3965
1040
3761
1019
2088
1907
3378
3235
3925
4193
1340
275
358
1872
160
1957
2768
238
3852
2283
4348
3647
4485
2222
3564
2309
3841
2276
3313
62
3889
1685
3495
1613
1169
3662
539
4284
1946
1233
3340
4325
334
859
3350
3218
1896
1192
59
3122
1382
1840
3159
3744
4507
2281
1504
1095
1126
2667
3219
707
1259
1014
3914
3400
4370
3730
3666
4146
3842
2039
617
1698
827
348
3779
2169
2895
3203
1030
124
126
3524
1132
3722
3206
690
4027
1581
1456
3160
85
3759
3453
3944
1998
840
1555
4134
2507
3760
2157
1468
2607
455
1237
69
4484
179
4136
589
2147
3280
3392
3889
1288
3692
2926
3155
3765
4380
1073
2262
4025
4081
1601
1826
3142
1695
623
488
144
157
4501
1351
987
747
3828
63
3655
2750
3887
2536
3374
3387
850
902
2902
1341
264
788
3720
3345
4167
3787
3729
3536
1285
2476
98
3423
1206
3328
756
78
4049
247
3281
2514
2848
3512
1
3010
2932
3209
1044
1199
4428
3165
170
2919
2884
2079
3629
3472
2532
3757
3843
4171
1214
3652
2577
2327
4003
2695
4325
4401
1445
3376
1710
1359
920
4198
3558
2593
1896
1003
4456
3578
3948
4100
82
3715
2252
2701
1034
3782
1570
1036
176
2537
150
3834
171
3847
3149
1654
2476
2745
704
2031
1945
3633
3964
2226
2425
2001
4214
847
3891
2696
760
2473
743
1302
1760
1655
2516
3926
2209
56
1248
3219
444
565
3255
2314
2334
1218
2567
845
1733
3849
3264
1960
3680
2798
2959
1138